item_id,start,freq,target
T785,2015-01-01,H,"[0.019600000232458115, 0.021900000050663948, 0.013299999758601189, 0.008500000461935997, 0.007300000172108412, 0.009100000374019146, 0.01209999993443489, 0.012500000186264515, 0.018799999728798866, 0.02879999950528145, 0.03790000081062317, 0.04349999874830246, 0.04610000178217888, 0.04780000075697899, 0.04540000110864639, 0.04540000110864639, 0.04699999839067459, 0.04170000180602074, 0.04320000112056732, 0.03579999879002571, 0.03579999879002571, 0.032999999821186066, 0.025499999523162842, 0.015300000086426735, 0.009100000374019146, 0.004999999888241291, 0.004000000189989805, 0.00570000009611249, 0.012000000104308128, 0.02449999935925007, 0.039000000804662704, 0.05590000003576279, 0.06239999830722809, 0.06650000065565109, 0.0714000016450882, 0.07259999960660934, 0.07010000199079514, 0.06430000066757202, 0.0649000033736229, 0.07259999960660934, 0.06989999860525131, 0.0649000033736229, 0.06350000202655792, 0.051100000739097595, 0.04729999974370003, 0.04019999876618385, 0.030500000342726707, 0.02070000022649765, 0.012500000186264515, 0.0071000000461936, 0.008999999612569809, 0.00559999980032444, 0.007899999618530273, 0.013700000010430813, 0.023800000548362732, 0.03359999880194664, 0.04569999873638153, 0.05350000038743019, 0.06310000270605087, 0.06880000233650208, 0.06689999997615814, 0.06669999659061432, 0.061000000685453415, 0.05889999866485596, 0.06909999996423721, 0.0632999986410141, 0.053300000727176666, 0.05079999938607216, 0.04390000179409981, 0.047600001096725464, 0.04039999842643738, 0.025299999862909317, 0.013899999670684338, 0.008500000461935997, 0.006000000052154064, 0.006300000008195639, 0.01140000019222498, 0.009600000455975533, 0.014800000004470348, 0.018699999898672104, 0.03020000085234642, 0.04050000011920929, 0.05050000175833702, 0.05820000171661377, 0.0649000033736229, 0.07180000096559525, 0.05270000174641609, 0.054999999701976776, 0.05609999969601631, 0.05860000103712082, 0.04580000042915344, 0.03779999911785126, 0.03840000182390213, 0.03400000184774399, 0.02590000070631504, 0.018200000748038292, 0.010900000110268593, 0.007699999958276749, 0.00930000003427267, 0.00860000029206276, 0.01810000091791153, 0.04230000078678131, 0.07039999961853027, 0.1005999967455864, 0.10530000180006027, 0.09369999915361404, 0.07970000058412552, 0.06909999996423721, 0.07119999825954437, 0.06750000268220901, 0.07500000298023224, 0.0835999995470047, 0.08640000224113464, 0.07940000295639038, 0.07530000060796738, 0.06650000065565109, 0.04960000142455101, 0.04050000011920929, 0.02329999953508377, 0.014600000344216824, 0.008999999612569809, 0.005900000222027302, 0.006800000090152025, 0.007699999958276749, 0.020600000396370888, 0.04430000111460686, 0.07540000230073929, 0.10109999775886536, 0.1054999977350235, 0.09539999812841415, 0.09260000288486481, 0.07209999859333038, 0.06859999895095825, 0.07109999656677246, 0.07400000095367432, 0.08309999853372574, 0.08020000159740448, 0.07729999721050262, 0.06970000267028809, 0.07109999656677246, 0.05209999904036522, 0.04450000077486038, 0.031300000846385956, 0.014800000004470348, 0.009200000204145908, 0.006800000090152025, 0.005400000140070915, 0.009700000286102295, 0.021199999377131462, 0.04179999977350235, 0.08219999819993973, 0.12280000001192093, 0.1800999939441681, 0.08919999748468399, 0.09430000185966492, 0.0714000016450882, 0.06530000269412994, 0.07400000095367432, 0.07940000295639038, 0.08749999850988388, 0.08049999922513962, 0.11890000104904175, 0.10239999741315842, 0.07249999791383743, 0.0502999983727932, 0.04740000143647194, 0.03099999949336052, 0.014800000004470348, 0.008999999612569809, 0.0071000000461936, 0.005499999970197678, 0.008200000040233135, 0.015599999576807022, 0.04190000146627426, 0.08020000159740448, 0.10329999774694443, 0.11969999969005585, 0.12479999661445618, 0.10499999672174454, 0.07999999821186066, 0.0820000022649765, 0.07609999924898148, 0.06960000097751617, 0.0706000030040741, 0.08070000261068344, 0.08110000193119049, 0.08619999885559082, 0.07169999927282333, 0.05770000070333481, 0.04320000112056732, 0.028599999845027924, 0.015399999916553497, 0.01119999960064888, 0.006000000052154064, 0.007400000002235174, 0.008100000210106373, 0.020800000056624413, 0.04129999876022339, 0.07569999992847443, 0.12030000239610672, 0.1589999943971634, 0.09629999846220016, 0.08799999952316284, 0.07769999653100967, 0.08320000022649765, 0.07259999960660934, 0.08259999752044678, 0.08980000019073486, 0.0843999981880188, 0.18299999833106995, 0.09220000356435776, 0.06279999762773514, 0.0502999983727932, 0.047200001776218414, 0.03610000014305115, 0.02070000022649765, 0.012600000016391277, 0.00930000003427267, 0.006099999882280827, 0.006599999964237213, 0.009200000204145908, 0.018200000748038292, 0.02850000001490116, 0.03929999843239784, 0.0544000007212162, 0.06459999829530716, 0.06669999659061432, 0.07479999959468842, 0.07500000298023224, 0.07240000367164612, 0.0746999979019165, 0.0746999979019165, 0.07079999893903732, 0.07639999687671661, 0.07119999825954437, 0.05119999870657921, 0.04399999976158142, 0.04129999876022339, 0.03790000081062317, 0.021900000050663948, 0.015399999916553497, 0.014000000432133675, 0.00839999970048666, 0.005400000140070915, 0.0066999997943639755, 0.01730000041425228, 0.021199999377131462, 0.02280000038444996, 0.032600000500679016, 0.04749999940395355, 0.053700000047683716, 0.05900000035762787, 0.06610000133514404, 0.06750000268220901, 0.06419999897480011, 0.06859999895095825, 0.06930000334978104, 0.06289999932050705, 0.06030000001192093, 0.04859999939799309, 0.04470000043511391, 0.03530000150203705, 0.02370000071823597, 0.015300000086426735, 0.011800000444054604, 0.00430000014603138, 0.004399999976158142, 0.006800000090152025, 0.01860000006854534, 0.04309999942779541, 0.08290000259876251, 0.11240000277757645, 0.10689999908208847, 0.09629999846220016, 0.08709999918937683, 0.07620000094175339, 0.07800000160932541, 0.0658000037074089, 0.07460000365972519, 0.07970000058412552, 0.06939999759197235, 0.07980000227689743, 0.0738999992609024, 0.07010000199079514, 0.05009999871253967, 0.043699998408555984, 0.02590000070631504, 0.01360000018030405, 0.011300000362098217, 0.007400000002235174, 0.009399999864399433, 0.007600000128149986, 0.01730000041425228, 0.0430000014603138, 0.08110000193119049, 0.10670000314712524, 0.13109999895095825, 0.10869999974966049, 0.09920000284910202, 0.1834000051021576, 0.07190000265836716, 0.07249999791383743, 0.08320000022649765, 0.07779999822378159, 0.07339999824762344, 0.07199999690055847, 0.11479999870061874, 0.07150000333786011, 0.05689999833703041, 0.04500000178813934, 0.03009999915957451, 0.015699999406933784, 0.009499999694526196, 0.006899999920278788, 0.006300000008195639, 0.00989999994635582, 0.016899999231100082, 0.04399999976158142, 0.08160000294446945, 0.09200000017881393, 0.0, 0.0, 0.0, 0.0, 0.0, 0.0, 0.0, 0.0, 0.0, 0.0, 0.0, 0.0, 0.0, 0.0, 0.0, 0.0, 0.011699999682605267, 0.011500000022351742, 0.009999999776482582, 0.011900000274181366, 0.019300000742077827, 0.04430000111460686, 0.08089999854564667, 0.09369999915361404, 0.10019999742507935, 0.08879999816417694, 0.08320000022649765, 0.07890000194311142, 0.0778999999165535, 0.08139999955892563, 0.08190000057220459, 0.09099999815225601, 0.07880000025033951, 0.07320000231266022, 0.08340000361204147, 0.06849999725818634, 0.05979999899864197, 0.05119999870657921, 0.03869999945163727, 0.023499999195337296, 0.015599999576807022, 0.011599999852478504, 0.01119999960064888, 0.01360000018030405, 0.02239999920129776, 0.0478999987244606, 0.08190000057220459, 0.09839999675750732, 0.10540000349283218, 0.08479999750852585, 0.08259999752044678, 0.08340000361204147, 0.08100000023841858, 0.07989999651908875, 0.08410000056028366, 0.08299999684095383, 0.07729999721050262, 0.07829999923706055, 0.08340000361204147, 0.06270000338554382, 0.05469999834895134, 0.05009999871253967, 0.04010000079870224, 0.027799999341368675, 0.01850000023841858, 0.012900000438094139, 0.010700000450015068, 0.011800000444054604, 0.014499999582767487, 0.021299999207258224, 0.030700000002980232, 0.04190000146627426, 0.05380000174045563, 0.06260000169277191, 0.07020000368356705, 0.07400000095367432, 0.07819999754428864, 0.07280000299215317, 0.07400000095367432, 0.07069999724626541, 0.07129999995231628, 0.07400000095367432, 0.066600002348423, 0.05270000174641609, 0.049800001084804535, 0.04820000007748604, 0.04050000011920929, 0.0272000003606081, 0.018200000748038292, 0.013100000098347664, 0.01080000028014183, 0.01080000028014183, 0.010700000450015068, 0.01360000018030405, 0.01979999989271164, 0.026799999177455902, 0.03579999879002571, 0.04729999974370003, 0.05959999933838844, 0.06369999796152115, 0.06270000338554382, 0.06350000202655792, 0.061500001698732376, 0.056299999356269836, 0.06120000034570694, 0.06159999966621399, 0.059300001710653305, 0.051500000059604645, 0.04190000146627426, 0.04019999876618385, 0.029999999329447746, 0.020899999886751175, 0.014499999582767487, 0.011599999852478504, 0.011500000022351742, 0.012000000104308128, 0.016499999910593033, 0.033799998462200165, 0.06120000034570694, 0.07419999688863754, 0.0731000006198883, 0.07119999825954437, 0.07339999824762344, 0.06719999760389328, 0.22089999914169312, 0.12039999663829803, 0.07169999927282333, 0.07909999787807465, 0.08160000294446945, 0.08309999853372574, 0.07349999994039536, 0.05119999870657921, 0.04360000044107437, 0.03909999877214432, 0.03060000017285347, 0.019200000911951065, 0.012000000104308128, 0.011500000022351742, 0.010599999688565731, 0.012799999676644802, 0.0203000009059906, 0.04610000178217888, 0.08389999717473984, 0.10010000318288803, 0.10830000042915344, 0.08550000190734863, 0.08079999685287476, 0.0754999965429306, 0.07559999823570251, 0.0737999975681305, 0.07209999859333038, 0.07919999957084656, 0.07609999924898148, 0.06710000336170197, 0.06759999692440033, 0.07410000264644623, 0.0551999993622303, 0.04699999839067459, 0.030300000682473183, 0.01979999989271164, 0.018200000748038292, 0.010300000198185444, 0.011300000362098217, 0.018300000578165054, 0.02290000021457672, 0.04259999841451645, 0.10260000079870224, 0.1535000056028366, 0.16169999539852142, 0.14429999887943268, 0.10080000013113022, 0.09690000116825104, 0.10220000147819519, 0.08389999717473984, 0.13910000026226044, 0.1761000007390976, 0.1688999980688095, 0.16940000653266907, 0.13120000064373016, 0.08709999918937683, 0.07339999824762344, 0.06650000065565109, 0.04960000142455101, 0.03350000083446503, 0.020999999716877937, 0.011900000274181366, 0.008899999782443047, 0.011300000362098217, 0.01940000057220459, 0.041999999433755875, 0.10999999940395355, 0.1379999965429306, 0.14390000700950623, 0.1005999967455864, 0.08410000056028366, 0.09529999643564224, 0.10189999639987946, 0.10520000010728836, 0.13830000162124634, 0.1703999936580658, 0.22360000014305115, 0.13670000433921814, 0.1395999938249588, 0.10260000079870224, 0.07370000332593918, 0.0738999992609024, 0.05689999833703041, 0.03840000182390213, 0.024800000712275505, 0.012500000186264515, 0.009499999694526196, 0.011599999852478504, 0.017500000074505806, 0.0364999994635582, 0.08009999990463257, 0.11069999635219574, 0.1354999989271164, 0.11649999767541885, 0.10589999705553055, 0.10729999840259552, 0.10639999806880951, 0.14869999885559082, 0.16189999878406525, 0.16349999606609344, 0.17030000686645508, 0.16329999268054962, 0.15889999270439148, 0.1023000031709671, 0.07270000129938126, 0.07100000232458115, 0.06390000134706497, 0.04529999941587448, 0.033900000154972076, 0.021400000900030136, 0.018200000748038292, 0.012900000438094139, 0.012900000438094139, 0.019099999219179153, 0.03240000084042549, 0.04569999873638153, 0.06920000165700912, 0.06710000336170197, 0.06319999694824219, 0.06849999725818634, 0.066600002348423, 0.06599999964237213, 0.06449999660253525, 0.06379999965429306, 0.06790000200271606, 0.06480000168085098, 0.05620000138878822, 0.051899999380111694, 0.04309999942779541, 0.04610000178217888, 0.03889999911189079, 0.024000000208616257, 0.013500000350177288, 0.00860000029206276, 0.006599999964237213, 0.004900000058114529, 0.006899999920278788, 0.01209999993443489, 0.016499999910593033, 0.019500000402331352, 0.028599999845027924, 0.04190000146627426, 0.05090000107884407, 0.057999998331069946, 0.06279999762773514, 0.061400000005960464, 0.05810000002384186, 0.058400001376867294, 0.09749999642372131, 0.1590999960899353, 0.1331000030040741, 0.08990000188350677, 0.07599999755620956, 0.07129999995231628, 0.05310000106692314, 0.03440000116825104, 0.01209999993443489, 0.0052999998442828655, 0.004699999932199717, 0.006399999838322401, 0.01549999974668026, 0.038600001484155655, 0.07209999859333038, 0.09910000115633011, 0.09889999777078629, 0.09080000221729279, 0.08160000294446945, 0.07320000231266022, 0.07410000264644623, 0.06710000336170197, 0.07370000332593918, 0.07800000160932541, 0.07639999687671661, 0.07689999788999557, 0.0697999969124794, 0.06199999898672104, 0.04520000144839287, 0.037700001150369644, 0.024800000712275505, 0.0142000000923872, 0.01940000057220459, 0.010599999688565731, 0.00930000003427267, 0.009800000116229057, 0.017000000923871994, 0.04190000146627426, 0.1168999969959259, 0.17759999632835388, 0.21299999952316284, 0.09679999947547913, 0.10320000350475311, 0.09809999912977219, 0.09709999710321426, 0.09780000150203705, 0.13040000200271606, 0.14730000495910645, 0.11869999766349792, 0.11959999799728394, 0.10159999877214432, 0.08410000056028366, 0.06340000033378601, 0.05990000069141388, 0.04650000110268593, 0.03359999880194664, 0.017400000244379044, 0.010499999858438969, 0.010099999606609344, 0.009700000286102295, 0.01769999973475933, 0.0414000004529953, 0.10570000112056732, 0.15530000627040863, 0.22869999706745148, 0.20880000293254852, 0.09650000184774399, 0.09539999812841415, 0.1031000018119812, 0.10660000145435333, 0.1412000060081482, 0.17990000545978546, 0.1421000063419342, 0.14959999918937683, 0.15119999647140503, 0.09309999644756317, 0.0722000002861023, 0.07010000199079514, 0.05119999870657921, 0.03400000184774399, 0.019099999219179153, 0.011300000362098217, 0.009200000204145908, 0.010400000028312206, 0.017500000074505806, 0.042899999767541885, 0.09870000183582306, 0.11729999631643295, 0.2101999968290329, 0.13410000503063202, 0.09640000015497208, 0.07429999858140945, 0.0771000012755394, 0.07590000331401825, 0.0803999975323677, 0.08020000159740448, 0.08190000057220459, 0.15880000591278076, 0.24719999730587006, 0.11140000075101852, 0.0632999986410141, 0.05590000003576279, 0.03739999979734421, 0.02199999988079071, 0.010200000368058681, 0.0071000000461936, 0.005400000140070915, 0.00839999970048666, 0.018200000748038292, 0.04520000144839287, 0.07440000027418137, 0.10670000314712524, 0.14489999413490295, 0.10249999910593033, 0.08340000361204147, 0.08399999886751175, 0.08139999955892563, 0.0803999975323677, 0.09059999883174896, 0.08320000022649765, 0.07190000265836716, 0.23149999976158142, 0.22059999406337738, 0.07450000196695328, 0.0575999990105629, 0.047600001096725464, 0.03799999877810478, 0.022299999371170998, 0.013500000350177288, 0.010300000198185444, 0.007699999958276749, 0.009600000455975533, 0.013199999928474426, 0.025200000032782555, 0.03579999879002571, 0.04349999874830246, 0.05609999969601631, 0.06870000064373016, 0.07450000196695328, 0.07989999651908875, 0.07840000092983246, 0.07039999961853027, 0.07050000131130219, 0.2184000015258789, 0.06939999759197235, 0.07519999891519547, 0.07419999688863754, 0.06080000102519989, 0.046799998730421066, 0.04600000008940697, 0.0430000014603138, 0.028999999165534973, 0.014999999664723873, 0.01140000019222498, 0.007300000172108412, 0.005499999970197678, 0.00800000037997961, 0.009499999694526196, 0.01979999989271164, 0.02329999953508377, 0.03290000185370445, 0.04969999939203262, 0.05559999868273735, 0.058400001376867294, 0.06769999861717224, 0.07079999893903732, 0.0706000030040741, 0.05719999969005585, 0.050700001418590546, 0.04470000043511391, 0.041200000792741776, 0.058400001376867294, 0.059300001710653305, 0.04190000146627426, 0.024700000882148743, 0.014299999922513962, 0.00989999994635582, 0.0044999998062849045, 0.004600000102072954, 0.006899999920278788, 0.019500000402331352, 0.03840000182390213, 0.08209999650716782, 0.09749999642372131, 0.10859999805688858, 0.10670000314712524, 0.08449999988079071, 0.06920000165700912, 0.06870000064373016, 0.06960000097751617, 0.07460000365972519, 0.08209999650716782, 0.08179999887943268, 0.08229999989271164, 0.0754999965429306, 0.06930000334978104, 0.05139999836683273, 0.04100000113248825, 0.027699999511241913, 0.02019999921321869, 0.008100000210106373, 0.004399999976158142, 0.004699999932199717, 0.007899999618530273, 0.016499999910593033, 0.04399999976158142, 0.07779999822378159, 0.11420000344514847, 0.0997999981045723, 0.1096000000834465, 0.0885000005364418, 0.07519999891519547, 0.07450000196695328, 0.06870000064373016, 0.0778999999165535, 0.08219999819993973, 0.07840000092983246, 0.07169999927282333, 0.07349999994039536, 0.07339999824762344, 0.05490000173449516, 0.045899998396635056, 0.0284000001847744, 0.016100000590085983, 0.007499999832361937, 0.004800000227987766, 0.004800000227987766, 0.0071000000461936, 0.014700000174343586, 0.039400000125169754, 0.0794999971985817, 0.12250000238418579, 0.17149999737739563, 0.09849999845027924, 0.08959999680519104, 0.07999999821186066, 0.07259999960660934, 0.0786999985575676, 0.0843999981880188, 0.0731000006198883, 0.07609999924898148, 0.06679999828338623, 0.07609999924898148, 0.0820000022649765, 0.0568000003695488, 0.04569999873638153, 0.029200000688433647, 0.01600000075995922, 0.009800000116229057, 0.006500000134110451, 0.006399999838322401, 0.009100000374019146, 0.01510000042617321, 0.041999999433755875, 0.08250000327825546, 0.10670000314712524, 0.1387999951839447, 0.10769999772310257, 0.08990000188350677, 0.08129999786615372, 0.08160000294446945, 0.08479999750852585, 0.08649999648332596, 0.08030000329017639, 0.07999999821186066, 0.0812000036239624, 0.07639999687671661, 0.07100000232458115, 0.05739999935030937, 0.050700001418590546, 0.032499998807907104, 0.018699999898672104, 0.011800000444054604, 0.006099999882280827, 0.006899999920278788, 0.009100000374019146, 0.019700000062584877, 0.04769999906420708, 0.07680000364780426, 0.11209999769926071, 0.10980000346899033, 0.10080000013113022, 0.08950000256299973, 0.08139999955892563, 0.08139999955892563, 0.09430000185966492, 0.0966000035405159, 0.08259999752044678, 0.09719999879598618, 0.15289999544620514, 0.08869999647140503, 0.06769999861717224, 0.0568000003695488, 0.05050000175833702, 0.0357000008225441, 0.024299999698996544, 0.022299999371170998, 0.01140000019222498, 0.013299999758601189, 0.007799999788403511, 0.010200000368058681, 0.018300000578165054, 0.025100000202655792, 0.04039999842643738, 0.0560000017285347, 0.0778999999165535, 0.0731000006198883, 0.07370000332593918, 0.0723000019788742, 0.07760000228881836, 0.08340000361204147, 0.07180000096559525, 0.07840000092983246, 0.07850000262260437, 0.07169999927282333, 0.0544000007212162, 0.04690000042319298, 0.04639999940991402, 0.042899999767541885, 0.03150000050663948, 0.02280000038444996, 0.012799999676644802, 0.007300000172108412, 0.006399999838322401, 0.007300000172108412, 0.013000000268220901, 0.021299999207258224, 0.02199999988079071, 0.03660000115633011, 0.04179999977350235, 0.054999999701976776, 0.06199999898672104, 0.0551999993622303, 0.061900001019239426, 0.06080000102519989, 0.05999999865889549, 0.05700000002980232, 0.057500001043081284, 0.05820000171661377, 0.047600001096725464, 0.045499999076128006, 0.037700001150369644, 0.03550000116229057, 0.015399999916553497, 0.009600000455975533, 0.005900000222027302, 0.006000000052154064, 0.00989999994635582, 0.017400000244379044, 0.04479999840259552, 0.08160000294446945, 0.10819999873638153, 0.1589999943971634, 0.1339000016450882, 0.08290000259876251, 0.07720000296831131, 0.06719999760389328, 0.07150000333786011, 0.07959999889135361, 0.08269999921321869, 0.0794999971985817, 0.08340000361204147, 0.08030000329017639, 0.07689999788999557, 0.05530000105500221, 0.0414000004529953, 0.028599999845027924, 0.014700000174343586, 0.01269999984651804, 0.009800000116229057, 0.004100000020116568, 0.0071000000461936, 0.020099999383091927, 0.04410000145435333, 0.08100000023841858, 0.12710000574588776, 0.19689999520778656, 0.13750000298023224, 0.09210000187158585, 0.08330000191926956, 0.07680000364780426, 0.07519999891519547, 0.08399999886751175, 0.07800000160932541, 0.08500000089406967, 0.07660000026226044, 0.10719999670982361, 0.12809999287128448, 0.060499999672174454, 0.052799999713897705, 0.02850000001490116, 0.016300000250339508, 0.00839999970048666, 0.006800000090152025, 0.004600000102072954, 0.010099999606609344, 0.01600000075995922, 0.041600000113248825, 0.08340000361204147, 0.1469999998807907, 0.19370000064373016, 0.15770000219345093, 0.10989999771118164, 0.07750000059604645, 0.08020000159740448, 0.08089999854564667, 0.08500000089406967, 0.08590000122785568, 0.07689999788999557, 0.05990000069141388, 0.09889999777078629, 0.055399999022483826, 0.04360000044107437, 0.04809999838471413, 0.03830000013113022, 0.018799999728798866, 0.009999999776482582, 0.006800000090152025, 0.005900000222027302, 0.00800000037997961, 0.016599999740719795, 0.04479999840259552, 0.08730000257492065, 0.12729999423027039, 0.16419999301433563, 0.10679999738931656, 0.15530000627040863, 0.0812000036239624, 0.07840000092983246, 0.08760000020265579, 0.08829999715089798, 0.08269999921321869, 0.07840000092983246, 0.0731000006198883, 0.07569999992847443, 0.07339999824762344, 0.06300000101327896, 0.05389999970793724, 0.03620000183582306, 0.01889999955892563, 0.009800000116229057, 0.007000000216066837, 0.00570000009611249, 0.011300000362098217, 0.015799999237060547, 0.04100000113248825, 0.08240000158548355, 0.11379999667406082, 0.11079999804496765, 0.09719999879598618, 0.09149999916553497, 0.08630000054836273, 0.0843999981880188, 0.0908999964594841, 0.08460000157356262, 0.14390000700950623, 0.11500000208616257, 0.08020000159740448, 0.07940000295639038, 0.07039999961853027, 0.05909999832510948, 0.05040000006556511, 0.04259999841451645, 0.026000000536441803, 0.017999999225139618, 0.009999999776482582, 0.009399999864399433, 0.008200000040233135, 0.010900000110268593, 0.019099999219179153, 0.029100000858306885, 0.040699999779462814, 0.05719999969005585, 0.07119999825954437, 0.0737999975681305, 0.07680000364780426, 0.07540000230073929, 0.07410000264644623, 0.07699999958276749, 0.14509999752044678, 0.0738999992609024, 0.07689999788999557, 0.0729999989271164, 0.05770000070333481, 0.04690000042319298, 0.04619999974966049, 0.042899999767541885, 0.030300000682473183, 0.01889999955892563, 0.01209999993443489, 0.007300000172108412, 0.006000000052154064, 0.007699999958276749, 0.011300000362098217, 0.020600000396370888, 0.022700000554323196, 0.03480000048875809, 0.04569999873638153, 0.05530000105500221, 0.05999999865889549, 0.061400000005960464, 0.06499999761581421, 0.06729999929666519, 0.060100000351667404, 0.05640000104904175, 0.05739999935030937, 0.05770000070333481, 0.061799999326467514, 0.055399999022483826, 0.042399998754262924, 0.03220000118017197, 0.017500000074505806, 0.009800000116229057, 0.005200000014156103, 0.0052999998442828655, 0.00839999970048666, 0.01850000023841858, 0.041600000113248825, 0.08190000057220459, 0.10289999842643738, 0.13379999995231628, 0.12030000239610672, 0.08370000123977661, 0.07329999655485153, 0.06800000369548798, 0.0706000030040741, 0.0771000012755394, 0.08240000158548355, 0.08070000261068344, 0.08290000259876251, 0.0778999999165535, 0.0731000006198883, 0.05339999869465828, 0.041200000792741776, 0.028200000524520874, 0.017500000074505806, 0.00930000003427267, 0.00570000009611249, 0.005200000014156103, 0.007600000128149986, 0.01600000075995922, 0.04170000180602074, 0.08290000259876251, 0.12630000710487366, 0.18790000677108765, 0.10639999806880951, 0.09610000252723694, 0.07989999651908875, 0.07259999960660934, 0.07159999758005142, 0.08299999684095383, 0.07959999889135361, 0.07829999923706055, 0.07190000265836716, 0.07660000026226044, 0.06729999929666519, 0.0494999997317791, 0.048700001090765, 0.030300000682473183, 0.01759999990463257, 0.012199999764561653, 0.007300000172108412, 0.006300000008195639, 0.008100000210106373, 0.016200000420212746, 0.04340000078082085, 0.07800000160932541, 0.14020000398159027, 0.18070000410079956, 0.11029999703168869, 0.0869000032544136, 0.07769999653100967, 0.07840000092983246, 0.07670000195503235, 0.08209999650716782, 0.09160000085830688, 0.07819999754428864, 0.08089999854564667, 0.0786999985575676, 0.06700000166893005, 0.05180000141263008, 0.04520000144839287, 0.033900000154972076, 0.01679999940097332, 0.00930000003427267, 0.006000000052154064, 0.007400000002235174, 0.007000000216066837, 0.016899999231100082, 0.04699999839067459, 0.07919999957084656, 0.12030000239610672, 0.1656000018119812, 0.10840000212192535, 0.1031000018119812, 0.08219999819993973, 0.0754999965429306, 0.07460000365972519, 0.08669999986886978, 0.08669999986886978, 0.07450000196695328, 0.26010000705718994, 0.32350000739097595, 0.22519999742507935, 0.15479999780654907, 0.11330000311136246, 0.0414000004529953, 0.019600000232458115, 0.010300000198185444, 0.006899999920278788, 0.006099999882280827, 0.007899999618530273, 0.01730000041425228, 0.039000000804662704, 0.07729999721050262, 0.11620000004768372, 0.10930000245571136, 0.09260000288486481, 0.08959999680519104, 0.08070000261068344, 0.0803999975323677, 0.0828000009059906, 0.09109999984502792, 0.12549999356269836, 0.2045000046491623, 0.07039999961853027, 0.07540000230073929, 0.07249999791383743, 0.05510000139474869, 0.05400000140070915, 0.04010000079870224, 0.028599999845027924, 0.015699999406933784, 0.009600000455975533, 0.006899999920278788, 0.0066999997943639755, 0.009600000455975533, 0.025499999523162842, 0.024900000542402267, 0.03799999877810478, 0.05719999969005585, 0.07039999961853027, 0.07760000228881836, 0.0771000012755394, 0.0737999975681305, 0.07280000299215317, 0.07699999958276749, 0.14509999752044678, 0.0738999992609024, 0.07689999788999557, 0.0729999989271164, 0.05770000070333481, 0.04690000042319298, 0.04619999974966049, 0.042899999767541885, 0.030300000682473183, 0.01889999955892563, 0.01209999993443489, 0.007300000172108412, 0.006000000052154064, 0.007699999958276749, 0.011300000362098217, 0.020600000396370888, 0.022700000554323196, 0.03480000048875809, 0.04569999873638153, 0.05530000105500221, 0.05999999865889549, 0.061400000005960464, 0.06499999761581421, 0.06729999929666519, 0.060100000351667404, 0.05640000104904175, 0.05739999935030937, 0.05770000070333481, 0.061799999326467514, 0.055399999022483826, 0.042399998754262924, 0.03220000118017197, 0.017500000074505806, 0.009800000116229057, 0.005200000014156103, 0.0052999998442828655, 0.00839999970048666, 0.01850000023841858, 0.04230000078678131, 0.07890000194311142, 0.14499999582767487, 0.19910000264644623, 0.11420000344514847, 0.1363999992609024, 0.1014999970793724, 0.07450000196695328, 0.07029999792575836, 0.0746999979019165, 0.07930000126361847, 0.07660000026226044, 0.07620000094175339, 0.09059999883174896, 0.0771000012755394, 0.051600001752376556, 0.04149999842047691, 0.02810000069439411, 0.014299999922513962, 0.007699999958276749, 0.005100000184029341, 0.006599999964237213, 0.007199999876320362, 0.016200000420212746, 0.03970000147819519, 0.07980000227689743, 0.10970000177621841, 0.13519999384880066, 0.10649999976158142, 0.09619999676942825, 0.07900000363588333, 0.07540000230073929, 0.07400000095367432, 0.08429999649524689, 0.08540000021457672, 0.07880000025033951, 0.1088000014424324, 0.2540000081062317, 0.09109999984502792, 0.05550000071525574, 0.05169999971985817, 0.03240000084042549, 0.014800000004470348, 0.00860000029206276, 0.007199999876320362, 0.005799999926239252, 0.007899999618530273, 0.017000000923871994, 0.04360000044107437, 0.08309999853372574, 0.14329999685287476, 0.17499999701976776, 0.10570000112056732, 0.09480000287294388, 0.08290000259876251, 0.07739999890327454, 0.07930000126361847, 0.08820000290870667, 0.08449999988079071, 0.07850000262260437, 0.0714000016450882, 0.07010000199079514, 0.07819999754428864, 0.06539999693632126, 0.050700001418590546, 0.03550000116229057, 0.017100000753998756, 0.009600000455975533, 0.004900000058114529, 0.0052999998442828655, 0.00800000037997961, 0.017500000074505806, 0.043299999088048935, 0.08150000125169754, 0.12280000001192093, 0.1624000072479248, 0.18250000476837158, 0.10490000247955322, 0.08160000294446945, 0.07769999653100967, 0.0778999999165535, 0.0860000029206276, 0.08550000190734863, 0.11020000278949738, 0.1665000021457672, 0.08079999685287476, 0.0812000036239624, 0.06539999693632126, 0.05299999937415123, 0.03869999945163727, 0.023800000548362732, 0.013399999588727951, 0.005900000222027302, 0.006000000052154064, 0.008999999612569809, 0.018400000408291817, 0.04540000110864639, 0.08739999681711197, 0.13269999623298645, 0.11490000039339066, 0.10580000281333923, 0.09560000151395798, 0.08860000222921371, 0.08320000022649765, 0.08420000225305557, 0.0940999984741211, 0.08410000056028366, 0.1551000028848648, 0.13359999656677246, 0.08760000020265579, 0.07450000196695328, 0.05889999866485596, 0.048500001430511475, 0.03669999912381172, 0.023800000548362732, 0.014100000262260437, 0.008200000040233135, 0.007199999876320362, 0.006500000134110451, 0.010599999688565731, 0.020800000056624413, 0.026599999517202377, 0.03880000114440918, 0.0544000007212162, 0.06750000268220901, 0.07289999723434448, 0.0, 0.0, 0.0, 0.0, 0.0, 0.0, 0.0, 0.0, 0.0, 0.0, 0.0, 0.0, 0.0, 0.01889999955892563, 0.01209999993443489, 0.007300000172108412, 0.006000000052154064, 0.007699999958276749, 0.011300000362098217, 0.020600000396370888, 0.022700000554323196, 0.03480000048875809, 0.04569999873638153, 0.05530000105500221, 0.05999999865889549, 0.061400000005960464, 0.06499999761581421, 0.06729999929666519, 0.060100000351667404, 0.05389999970793724, 0.051100000739097595, 0.04969999939203262, 0.05299999937415123, 0.052400000393390656, 0.039799999445676804, 0.03009999915957451, 0.01489999983459711, 0.009800000116229057, 0.005200000014156103, 0.0052999998442828655, 0.00839999970048666, 0.01850000023841858, 0.04149999842047691, 0.07769999653100967, 0.10760000348091125, 0.14720000326633453, 0.11460000276565552, 0.08569999784231186, 0.07890000194311142, 0.07490000128746033, 0.07199999690055847, 0.07840000092983246, 0.07999999821186066, 0.0771000012755394, 0.08699999749660492, 0.0722000002861023, 0.06889999657869339, 0.05079999938607216, 0.039500001817941666, 0.02889999933540821, 0.014700000174343586, 0.008299999870359898, 0.0052999998442828655, 0.004800000227987766, 0.006800000090152025, 0.016599999740719795, 0.037700001150369644, 0.08060000091791153, 0.1476999968290329, 0.20469999313354492, 0.19210000336170197, 0.09669999778270721, 0.07590000331401825, 0.07909999787807465, 0.07339999824762344, 0.0843999981880188, 0.07989999651908875, 0.07930000126361847, 0.07500000298023224, 0.0738999992609024, 0.06809999793767929, 0.0575999990105629, 0.04430000111460686, 0.03009999915957451, 0.014700000174343586, 0.009200000204145908, 0.005900000222027302, 0.004800000227987766, 0.006800000090152025, 0.018400000408291817, 0.04170000180602074, 0.0860000029206276, 0.12710000574588776, 0.16830000281333923, 0.09880000352859497, 0.09520000219345093, 0.08100000023841858, 0.07729999721050262, 0.07209999859333038, 0.08079999685287476, 0.08219999819993973, 0.07639999687671661, 0.07039999961853027, 0.07500000298023224, 0.07000000029802322, 0.05299999937415123, 0.04670000076293945, 0.03240000084042549, 0.016200000420212746, 0.008700000122189522, 0.004999999888241291, 0.004999999888241291, 0.007400000002235174, 0.015599999576807022, 0.044199999421834946, 0.07940000295639038, 0.11670000106096268, 0.23199999332427979, 0.3131999969482422, 0.11980000138282776, 0.07900000363588333, 0.07670000195503235, 0.08169999718666077, 0.08919999748468399, 0.07959999889135361, 0.08089999854564667, 0.07959999889135361, 0.08049999922513962, 0.07559999823570251, 0.05909999832510948, 0.051899999380111694, 0.03519999980926514, 0.023900000378489494, 0.011800000444054604, 0.006500000134110451, 0.006200000178068876, 0.008799999952316284, 0.01979999989271164, 0.04729999974370003, 0.07590000331401825, 0.12300000339746475, 0.1565999984741211, 0.11330000311136246, 0.09080000221729279, 0.13699999451637268, 0.16279999911785126, 0.0731000006198883, 0.08479999750852585, 0.08460000157356262, 0.07779999822378159, 0.0812000036239624, 0.08139999955892563, 0.07010000199079514, 0.06199999898672104, 0.04989999905228615, 0.04039999842643738, 0.029600000008940697, 0.016499999910593033, 0.009600000455975533, 0.009399999864399433, 0.007499999832361937, 0.009800000116229057, 0.01730000041425228, 0.031599998474121094, 0.04639999940991402, 0.055399999022483826, 0.06469999998807907, 0.07339999824762344, 0.0763000026345253, 0.07240000367164612, 0.0658000037074089, 0.07639999687671661, 0.08349999785423279, 0.07800000160932541, 0.07680000364780426, 0.0697999969124794, 0.05990000069141388, 0.052000001072883606, 0.04960000142455101, 0.039900001138448715, 0.02459999918937683, 0.01850000023841858, 0.010599999688565731, 0.0142000000923872, 0.000699999975040555, 0.009600000455975533, 0.01720000058412552, 0.029200000688433647, 0.03240000084042549, 0.0502999983727932, 0.055399999022483826, 0.059300001710653305, 0.0731000006198883, 0.06750000268220901, 0.0746999979019165, 0.06800000369548798, 0.06909999996423721, 0.06610000133514404, 0.059700001031160355, 0.05719999969005585, 0.052400000393390656, 0.04560000076889992, 0.02969999983906746, 0.017100000753998756, 0.01209999993443489, 0.005200000014156103, 0.007499999832361937, 0.006899999920278788, 0.0215000007301569, 0.043800000101327896, 0.0737999975681305, 0.11089999973773956, 0.12439999729394913, 0.10429999977350235, 0.08910000324249268, 0.07569999992847443, 0.06989999860525131, 0.07100000232458115, 0.07329999655485153, 0.0843999981880188, 0.07609999924898148, 0.06870000064373016, 0.07039999961853027, 0.07010000199079514, 0.05530000105500221, 0.03880000114440918, 0.02850000001490116, 0.013199999928474426, 0.00860000029206276, 0.006599999964237213, 0.003700000001117587, 0.007499999832361937, 0.01640000008046627, 0.04190000146627426, 0.08250000327825546, 0.09260000288486481, 0.11509999632835388, 0.10610000044107437, 0.08410000056028366, 0.0738999992609024, 0.07289999723434448, 0.07699999958276749, 0.07729999721050262, 0.1623000055551529, 0.07519999891519547, 0.06960000097751617, 0.06970000267028809, 0.0746999979019165, 0.055399999022483826, 0.0494999997317791, 0.03099999949336052, 0.01489999983459711, 0.009999999776482582, 0.0052999998442828655, 0.004900000058114529, 0.008299999870359898, 0.020500000566244125, 0.043299999088048935, 0.0794999971985817, 0.10980000346899033, 0.15489999949932098, 0.0989999994635582, 0.08980000019073486, 0.07980000227689743, 0.07339999824762344, 0.07460000365972519, 0.07859999686479568, 0.08550000190734863, 0.08250000327825546, 0.07699999958276749, 0.07249999791383743, 0.06909999996423721, 0.05480000004172325, 0.052000001072883606, 0.0333000011742115, 0.01810000091791153, 0.010400000028312206, 0.005400000140070915, 0.005200000014156103, 0.008100000210106373, 0.02019999921321869, 0.04170000180602074, 0.07989999651908875, 0.10970000177621841, 0.14419999718666077, 0.11879999935626984, 0.1005999967455864, 0.08389999717473984, 0.0754999965429306, 0.07779999822378159, 0.08879999816417694, 0.28630000352859497, 0.11749999970197678, 0.07500000298023224, 0.07800000160932541, 0.07199999690055847, 0.05959999933838844, 0.05000000074505806, 0.04050000011920929, 0.019600000232458115, 0.012000000104308128, 0.006500000134110451, 0.007699999958276749, 0.011300000362098217, 0.015699999406933784, 0.039500001817941666, 0.07909999787807465, 0.11500000208616257, 0.17810000479221344, 0.09399999678134918, 0.09019999951124191, 0.07649999856948853, 0.07410000264644623, 0.08630000054836273, 0.08009999990463257, 0.08139999955892563, 0.07490000128746033, 0.08320000022649765, 0.07190000265836716, 0.07609999924898148, 0.05640000104904175, 0.04600000008940697, 0.039000000804662704, 0.02539999969303608, 0.016499999910593033, 0.008200000040233135, 0.007300000172108412, 0.0071000000461936, 0.00930000003427267, 0.020500000566244125, 0.025200000032782555, 0.03779999911785126, 0.05810000002384186, 0.0658000037074089, 0.0697999969124794, 0.07729999721050262, 0.06989999860525131, 0.06780000030994415, 0.07590000331401825, 0.07280000299215317, 0.07429999858140945, 0.08009999990463257, 0.18479999899864197, 0.09290000051259995, 0.05220000073313713, 0.053599998354911804, 0.04729999974370003, 0.0357000008225441, 0.015699999406933784, 0.014499999582767487, 0.00800000037997961, 0.008100000210106373, 0.007899999618530273, 0.010300000198185444, 0.018699999898672104, 0.020600000396370888, 0.03139999881386757, 0.04800000041723251, 0.059300001710653305, 0.05860000103712082, 0.06700000166893005, 0.07199999690055847, 0.0722000002861023, 0.06480000168085098, 0.05260000005364418, 0.05900000035762787, 0.05869999900460243, 0.05220000073313713, 0.053300000727176666, 0.04450000077486038, 0.02969999983906746, 0.01899999938905239, 0.00989999994635582, 0.007400000002235174, 0.004800000227987766, 0.007499999832361937, 0.015799999237060547, 0.039500001817941666, 0.07769999653100967, 0.10040000081062317, 0.11140000075101852, 0.09939999878406525, 0.08169999718666077, 0.07419999688863754, 0.07270000129938126, 0.07159999758005142, 0.08420000225305557, 0.07670000195503235, 0.08110000193119049, 0.07540000230073929, 0.07169999927282333, 0.06960000097751617, 0.052000001072883606, 0.04280000180006027, 0.03099999949336052, 0.01510000042617321, 0.01119999960064888, 0.004800000227987766, 0.004600000102072954, 0.008799999952316284, 0.018400000408291817, 0.035999998450279236, 0.07569999992847443, 0.1046999990940094, 0.1808999925851822, 0.09589999914169312, 0.05339999869465828, 0.05350000038743019, 0.07259999960660934, 0.07069999724626541, 0.0812000036239624, 0.07720000296831131, 0.07370000332593918, 0.0738999992609024, 0.07259999960660934, 0.07670000195503235, 0.0625, 0.04619999974966049, 0.034299999475479126, 0.019600000232458115, 0.010300000198185444, 0.006500000134110451, 0.005499999970197678, 0.008500000461935997, 0.018200000748038292, 0.03909999877214432, 0.0786999985575676, 0.10419999808073044, 0.11940000206232071, 0.10490000247955322, 0.10279999673366547, 0.1080000028014183, 0.07479999959468842, 0.07479999959468842, 0.08370000123977661, 0.07620000094175339, 0.0729999989271164, 0.06790000200271606, 0.07519999891519547, 0.07999999821186066, 0.057500001043081284, 0.04729999974370003, 0.031300000846385956, 0.017899999395012856, 0.009100000374019146, 0.006300000008195639, 0.005499999970197678, 0.007699999958276749, 0.019500000402331352, 0.04830000177025795, 0.08240000158548355, 0.12870000302791595, 0.12189999967813492, 0.10249999910593033, 0.09220000356435776, 0.08269999921321869, 0.0803999975323677, 0.07760000228881836, 0.08550000190734863, 0.08330000191926956, 0.08290000259876251, 0.15629999339580536, 0.07259999960660934, 0.0803999975323677, 0.06199999898672104, 0.05559999868273735, 0.03629999980330467, 0.022099999710917473, 0.009700000286102295, 0.006800000090152025, 0.00559999980032444, 0.00800000037997961, 0.01850000023841858, 0.04259999841451645, 0.08169999718666077, 0.11869999766349792, 0.163100004196167, 0.10189999639987946, 0.08940000087022781, 0.08209999650716782, 0.0812000036239624, 0.08540000021457672, 0.08969999849796295, 0.149399995803833, 0.07460000365972519, 0.11159999668598175, 0.0731000006198883, 0.07240000367164612, 0.06069999933242798, 0.05209999904036522, 0.04490000009536743, 0.029100000858306885, 0.020899999886751175, 0.009100000374019146, 0.011699999682605267, 0.00839999970048666, 0.010999999940395355, 0.020400000736117363, 0.027300000190734863, 0.039400000125169754, 0.060100000351667404, 0.06480000168085098, 0.07129999995231628, 0.07970000058412552, 0.07769999653100967, 0.08150000125169754, 0.0729999989271164, 0.07680000364780426, 0.08139999955892563, 0.0722000002861023, 0.07190000265836716, 0.05959999933838844, 0.055799998342990875, 0.060100000351667404, 0.04529999941587448, 0.028699999675154686, 0.020400000736117363, 0.012199999764561653, 0.009800000116229057, 0.004999999888241291, 0.008299999870359898, 0.01140000019222498, 0.01549999974668026, 0.023399999365210533, 0.036400001496076584, 0.05000000074505806, 0.06120000034570694, 0.07180000096559525, 0.0754999965429306, 0.07639999687671661, 0.06679999828338623, 0.06520000100135803, 0.06870000064373016, 0.07829999923706055, 0.0617000013589859, 0.05559999868273735, 0.05510000139474869, 0.04540000110864639, 0.02930000051856041, 0.02199999988079071, 0.009499999694526196, 0.006200000178068876, 0.005499999970197678, 0.011800000444054604, 0.017500000074505806, 0.0406000018119812, 0.0794999971985817, 0.12849999964237213, 0.16619999706745148, 0.15209999680519104, 0.08640000224113464, 0.07670000195503235, 0.07259999960660934, 0.07429999858140945, 0.0803999975323677, 0.08309999853372574, 0.0778999999165535, 0.08940000087022781, 0.0625, 0.07580000162124634, 0.054099999368190765, 0.0471000000834465, 0.029500000178813934, 0.01810000091791153, 0.010099999606609344, 0.005799999926239252, 0.006300000008195639, 0.008700000122189522, 0.01640000008046627, 0.04179999977350235, 0.08269999921321869, 0.10920000076293945, 0.12409999966621399, 0.1574999988079071, 0.08889999985694885, 0.0763000026345253, 0.07129999995231628, 0.07859999686479568, 0.07829999923706055, 0.07959999889135361, 0.08449999988079071, 0.08259999752044678, 0.06800000369548798, 0.07370000332593918, 0.06080000102519989, 0.05209999904036522, 0.024000000208616257, 0.0, 0.0, 0.0, 0.0, 0.0, 0.0, 0.032600000500679016, 0.08410000056028366, 0.13220000267028809, 0.14090000092983246, 0.10339999943971634, 0.09139999747276306, 0.07649999856948853, 0.14509999752044678, 0.07429999858140945, 0.08489999920129776, 0.0828000009059906, 0.0763000026345253, 0.08330000191926956, 0.07660000026226044, 0.07859999686479568, 0.06350000202655792, 0.05119999870657921, 0.032600000500679016, 0.019099999219179153, 0.012000000104308128, 0.006899999920278788, 0.007400000002235174, 0.008100000210106373, 0.018200000748038292, 0.046799998730421066, 0.08590000122785568, 0.13459999859333038, 0.14139999449253082, 0.10660000145435333, 0.08550000190734863, 0.07429999858140945, 0.07530000060796738, 0.08110000193119049, 0.09049999713897705, 0.09470000118017197, 0.08169999718666077, 0.08049999922513962, 0.07079999893903732, 0.06970000267028809, 0.06960000097751617, 0.052799999713897705, 0.03700000047683716, 0.027300000190734863, 0.01489999983459711, 0.007000000216066837, 0.006599999964237213, 0.008799999952316284, 0.017400000244379044, 0.0421999990940094, 0.07890000194311142, 0.1339000016450882, 0.15080000460147858, 0.13120000064373016, 0.08900000154972076, 0.07980000227689743, 0.08250000327825546, 0.08389999717473984, 0.09009999781847, 0.08150000125169754, 0.08460000157356262, 0.08399999886751175, 0.07720000296831131, 0.07240000367164612, 0.05990000069141388, 0.05570000037550926, 0.042500000447034836, 0.031599998474121094, 0.015300000086426735, 0.014399999752640724, 0.008700000122189522, 0.006599999964237213, 0.010099999606609344, 0.01590000092983246, 0.026599999517202377, 0.042100001126527786, 0.061900001019239426, 0.07159999758005142, 0.07829999923706055, 0.07329999655485153, 0.07360000163316727, 0.07800000160932541, 0.07500000298023224, 0.08529999852180481, 0.07320000231266022, 0.07940000295639038, 0.06759999692440033, 0.06210000067949295, 0.05869999900460243, 0.05480000004172325, 0.04560000076889992, 0.03350000083446503, 0.020999999716877937, 0.010499999858438969, 0.010400000028312206, 0.006399999838322401, 0.010599999688565731, 0.017999999225139618, 0.018699999898672104, 0.02449999935925007, 0.03480000048875809, 0.05050000175833702, 0.06279999762773514, 0.06610000133514404, 0.07320000231266022, 0.07240000367164612, 0.06880000233650208, 0.07479999959468842, 0.06859999895095825, 0.061500001698732376, 0.05889999866485596, 0.05700000002980232, 0.06310000270605087, 0.06700000166893005, 0.051100000739097595, 0.021900000050663948, 0.01489999983459711, 0.006399999838322401, 0.0066999997943639755, 0.00800000037997961, 0.016699999570846558, 0.043800000101327896, 0.08110000193119049, 0.14069999754428864, 0.13979999721050262, 0.10050000250339508, 0.09719999879598618, 0.07569999992847443, 0.07930000126361847, 0.07540000230073929, 0.07980000227689743, 0.08420000225305557, 0.08420000225305557, 0.08020000159740448, 0.07240000367164612, 0.0731000006198883, 0.05909999832510948, 0.049300000071525574, 0.03099999949336052, 0.01769999973475933, 0.00989999994635582, 0.0066999997943639755, 0.0052999998442828655, 0.007699999958276749, 0.01860000006854534, 0.041600000113248825, 0.08079999685287476, 0.12489999830722809, 0.14499999582767487, 0.10209999978542328, 0.10170000046491623, 0.08449999988079071, 0.07680000364780426, 0.07779999822378159, 0.08139999955892563, 0.08420000225305557, 0.08420000225305557, 0.08150000125169754, 0.07209999859333038, 0.0786999985575676, 0.06030000001192093, 0.053199999034404755, 0.033399999141693115, 0.024000000208616257, 0.010499999858438969, 0.006399999838322401, 0.005499999970197678, 0.007899999618530273, 0.0210999995470047, 0.040800001472234726, 0.07729999721050262, 0.11699999868869781, 0.1632000058889389, 0.10279999673366547, 0.09489999711513519, 0.07999999821186066, 0.07779999822378159, 0.07609999924898148, 0.08699999749660492, 0.08320000022649765, 0.08900000154972076, 0.08320000022649765, 0.08229999989271164, 0.07919999957084656, 0.06159999966621399, 0.05380000174045563, 0.042100001126527786, 0.02280000038444996, 0.009999999776482582, 0.006200000178068876, 0.00570000009611249, 0.008200000040233135, 0.01769999973475933, 0.042500000447034836, 0.08560000360012054, 0.1306000053882599, 0.11940000206232071, 0.14970000088214874, 0.1014999970793724, 0.1290999948978424, 0.13379999995231628, 0.1453000009059906, 0.09179999679327011, 0.08869999647140503, 0.1859000027179718, 0.3068999946117401, 0.23880000412464142, 0.08699999749660492, 0.0625, 0.05730000138282776, 0.04100000113248825, 0.0210999995470047, 0.012299999594688416, 0.007199999876320362, 0.011699999682605267, 0.009100000374019146, 0.016899999231100082, 0.040800001472234726, 0.0737999975681305, 0.10649999976158142, 0.09690000116825104, 0.09719999879598618, 0.09049999713897705, 0.0869000032544136, 0.08410000056028366, 0.0869000032544136, 0.08449999988079071, 0.08190000057220459, 0.08449999988079071, 0.07909999787807465, 0.07989999651908875, 0.06859999895095825, 0.059300001710653305, 0.04989999905228615, 0.04390000179409981, 0.029100000858306885, 0.015599999576807022, 0.009399999864399433, 0.007799999788403511, 0.012900000438094139, 0.015200000256299973, 0.02199999988079071, 0.025200000032782555, 0.04129999876022339, 0.05169999971985817, 0.065700002014637, 0.066600002348423, 0.07699999958276749, 0.07649999856948853, 0.07450000196695328, 0.08229999989271164, 0.07360000163316727, 0.07249999791383743, 0.07020000368356705, 0.06650000065565109, 0.061900001019239426, 0.05550000071525574, 0.050999999046325684, 0.04129999876022339, 0.026399999856948853, 0.014499999582767487, 0.009200000204145908, 0.007499999832361937, 0.006300000008195639, 0.005799999926239252, 0.009999999776482582, 0.015200000256299973, 0.017500000074505806, 0.027300000190734863, 0.0430000014603138, 0.05640000104904175, 0.06469999998807907, 0.06669999659061432, 0.06469999998807907, 0.06870000064373016, 0.06379999965429306, 0.06710000336170197, 0.06040000170469284, 0.0560000017285347, 0.05889999866485596, 0.05990000069141388, 0.04690000042319298, 0.03920000046491623, 0.022700000554323196, 0.010700000450015068, 0.005200000014156103, 0.0052999998442828655, 0.006800000090152025, 0.018200000748038292, 0.04170000180602074, 0.07970000058412552, 0.1096000000834465, 0.1331000030040741, 0.09179999679327011, 0.0877000018954277, 0.0731000006198883, 0.07490000128746033, 0.07590000331401825, 0.07819999754428864, 0.08160000294446945, 0.08590000122785568, 0.08049999922513962, 0.0738999992609024, 0.06790000200271606, 0.050599999725818634, 0.04349999874830246, 0.03009999915957451, 0.01549999974668026, 0.008899999782443047, 0.00570000009611249, 0.0044999998062849045, 0.008999999612569809, 0.017400000244379044, 0.0421999990940094, 0.07739999890327454, 0.08420000225305557, 0.0, 0.029200000688433647, 0.09000000357627869, 0.07519999891519547, 0.07609999924898148, 0.07460000365972519, 0.08089999854564667, 0.08209999650716782, 0.08609999716281891, 0.12099999934434891, 0.07050000131130219, 0.07530000060796738, 0.05920000001788139, 0.047600001096725464, 0.031199999153614044, 0.016699999570846558, 0.010099999606609344, 0.007199999876320362, 0.005799999926239252, 0.0071000000461936, 0.018300000578165054, 0.0414000004529953, 0.08500000089406967, 0.11829999834299088, 0.18960000574588776, 0.09950000047683716, 0.0892999991774559, 0.08399999886751175, 0.07699999958276749, 0.07959999889135361, 0.08129999786615372, 0.08479999750852585, 0.08579999953508377, 0.08709999918937683, 0.07909999787807465, 0.07909999787807465, 0.06279999762773514, 0.053300000727176666, 0.03290000185370445, 0.02459999918937683, 0.012500000186264515, 0.010499999858438969, 0.006000000052154064, 0.008700000122189522, 0.018799999728798866, 0.04600000008940697, 0.08410000056028366, 0.1257999986410141, 0.1362999975681305, 0.09799999743700027, 0.0908999964594841, 0.0843999981880188, 0.08269999921321869, 0.07890000194311142, 0.08479999750852585, 0.08049999922513962, 0.08529999852180481, 0.07739999890327454, 0.08020000159740448, 0.08079999685287476, 0.061500001698732376, 0.04899999871850014, 0.03689999878406525, 0.020600000396370888, 0.012600000016391277, 0.010700000450015068, 0.006300000008195639, 0.00839999970048666, 0.01730000041425228, 0.04270000010728836, 0.07810000330209732, 0.10890000313520432, 0.11630000174045563, 0.0949999988079071, 0.09669999778270721, 0.09019999951124191, 0.08030000329017639, 0.08760000020265579, 0.08839999884366989, 0.07900000363588333, 0.08950000256299973, 0.08340000361204147, 0.07699999958276749, 0.07609999924898148, 0.06400000303983688, 0.05169999971985817, 0.0421999990940094, 0.027000000700354576, 0.01769999973475933, 0.010700000450015068, 0.009600000455975533, 0.013100000098347664, 0.012000000104308128, 0.01850000023841858, 0.030400000512599945, 0.046300001442432404, 0.0608999989926815, 0.0706000030040741, 0.08259999752044678, 0.07940000295639038, 0.07599999755620956, 0.07670000195503235, 0.07739999890327454, 0.07670000195503235, 0.0754999965429306, 0.07819999754428864, 0.07039999961853027, 0.06319999694824219, 0.05849999934434891, 0.05649999901652336, 0.0640999972820282, 0.03229999914765358, 0.018699999898672104, 0.009999999776482582, 0.007600000128149986, 0.006399999838322401, 0.008500000461935997, 0.015599999576807022, 0.019999999552965164, 0.03020000085234642, 0.04100000113248825, 0.05920000001788139, 0.06469999998807907, 0.07599999755620956, 0.0723000019788742, 0.07209999859333038, 0.0722000002861023, 0.07450000196695328, 0.06289999932050705, 0.05719999969005585, 0.053199999034404755, 0.05660000070929527, 0.05700000002980232, 0.049300000071525574, 0.035100001841783524, 0.027799999341368675, 0.011099999770522118, 0.005400000140070915, 0.005200000014156103, 0.00930000003427267, 0.023499999195337296, 0.046799998730421066, 0.08079999685287476, 0.13359999656677246, 0.13040000200271606, 0.1096000000834465, 0.09390000253915787, 0.08420000225305557, 0.08340000361204147, 0.07280000299215317, 0.08110000193119049, 0.09189999848604202, 0.08330000191926956, 0.08619999885559082, 0.07010000199079514, 0.0737999975681305, 0.0575999990105629, 0.057100001722574234, 0.030500000342726707, 0.015799999237060547, 0.011900000274181366, 0.006800000090152025, 0.007699999958276749, 0.010400000028312206, 0.019999999552965164, 0.04190000146627426, 0.0786999985575676, 0.13609999418258667, 0.2046000063419342, 0.21140000224113464, 0.11559999734163284, 0.08309999853372574, 0.07850000262260437, 0.07660000026226044, 0.08219999819993973, 0.07450000196695328, 0.06840000301599503, 0.07750000059604645, 0.08179999887943268, 0.08640000224113464, 0.05889999866485596, 0.04820000007748604, 0.031199999153614044, 0.018799999728798866, 0.008899999782443047, 0.005200000014156103, 0.004800000227987766, 0.008200000040233135, 0.018400000408291817, 0.042500000447034836, 0.0843999981880188, 0.1460999995470047, 0.1923000067472458, 0.11159999668598175, 0.08309999853372574, 0.09049999713897705, 0.07699999958276749, 0.07890000194311142, 0.08709999918937683, 0.08009999990463257, 0.0860000029206276, 0.11029999703168869, 0.12489999830722809, 0.0786999985575676, 0.06620000302791595, 0.05490000173449516, 0.0364999994635582, 0.020800000056624413, 0.009100000374019146, 0.007799999788403511, 0.008999999612569809, 0.012199999764561653, 0.02319999970495701, 0.049400001764297485, 0.08540000021457672, 0.1331000030040741, 0.23240000009536743, 0.13130000233650208, 0.09809999912977219, 0.09049999713897705, 0.08479999750852585, 0.08470000326633453, 0.08839999884366989, 0.0851999968290329, 0.08410000056028366, 0.08219999819993973, 0.20759999752044678, 0.09009999781847, 0.05829999968409538, 0.05469999834895134, 0.03929999843239784, 0.02539999969303608, 0.011500000022351742, 0.00839999970048666, 0.006000000052154064, 0.010700000450015068, 0.020400000736117363, 0.045899998396635056, 0.07329999655485153, 0.15889999270439148, 0.1793999969959259, 0.10760000348091125, 0.09290000051259995, 0.09290000051259995, 0.08500000089406967, 0.08510000258684158, 0.08810000121593475, 0.0835999995470047, 0.289900004863739, 0.31869998574256897, 0.15029999613761902, 0.07450000196695328, 0.057500001043081284, 0.052400000393390656, 0.04569999873638153, 0.03500000014901161, 0.021199999377131462, 0.012199999764561653, 0.009399999864399433, 0.006599999964237213, 0.012900000438094139, 0.017100000753998756, 0.030500000342726707, 0.04600000008940697, 0.061400000005960464, 0.07119999825954437, 0.07829999923706055, 0.08290000259876251, 0.0731000006198883, 0.07689999788999557, 0.07580000162124634, 0.07689999788999557, 0.0794999971985817, 0.07370000332593918, 0.06870000064373016, 0.0632999986410141, 0.05959999933838844, 0.053199999034404755, 0.05530000105500221, 0.03880000114440918, 0.02250000089406967, 0.019899999722838402, 0.007699999958276749, 0.005799999926239252, 0.009200000204145908, 0.01209999993443489, 0.016499999910593033, 0.024299999698996544, 0.03680000081658363, 0.05290000140666962, 0.06520000100135803, 0.07620000094175339, 0.07689999788999557, 0.07039999961853027, 0.07090000063180923, 0.07329999655485153, 0.07180000096559525, 0.0674000009894371, 0.06449999660253525, 0.05869999900460243, 0.05660000070929527, 0.04639999940991402, 0.03350000083446503, 0.02239999920129776, 0.01140000019222498, 0.0031999999191612005, 0.005400000140070915, 0.009999999776482582, 0.02019999921321869, 0.04399999976158142, 0.07909999787807465, 0.11050000041723251, 0.11259999871253967, 0.0966000035405159, 0.0868000015616417, 0.08860000222921371, 0.07970000058412552, 0.0803999975323677, 0.08169999718666077, 0.0860000029206276, 0.08420000225305557, 0.0763000026345253, 0.07460000365972519, 0.0714000016450882, 0.05469999834895134, 0.0406000018119812, 0.03629999980330467, 0.020899999886751175, 0.010499999858438969, 0.005100000184029341, 0.00559999980032444, 0.008500000461935997, 0.021900000050663948, 0.04179999977350235, 0.08370000123977661, 0.10939999669790268, 0.12680000066757202, 0.09759999811649323, 0.09440000355243683, 0.08219999819993973, 0.07720000296831131, 0.07980000227689743, 0.08110000193119049, 0.08529999852180481, 0.08590000122785568, 0.07970000058412552, 0.07620000094175339, 0.07590000331401825, 0.0568000003695488, 0.05299999937415123, 0.03519999980926514, 0.019500000402331352, 0.009200000204145908, 0.007899999618530273, 0.006300000008195639, 0.008500000461935997, 0.020500000566244125, 0.04560000076889992, 0.08410000056028366, 0.10459999740123749, 0.11490000039339066, 0.09719999879598618, 0.08959999680519104, 0.08799999952316284, 0.08009999990463257, 0.08510000258684158, 0.0966000035405159, 0.08209999650716782, 0.08309999853372574, 0.08190000057220459, 0.07649999856948853, 0.07029999792575836, 0.057100001722574234, 0.0544000007212162, 0.04190000146627426, 0.019500000402331352, 0.011500000022351742, 0.006800000090152025, 0.006000000052154064, 0.007899999618530273, 0.026399999856948853, 0.0414000004529953, 0.08169999718666077, 0.10689999908208847, 0.10930000245571136, 0.10339999943971634, 0.09790000319480896, 0.09430000185966492, 0.11490000039339066, 0.0868000015616417, 0.08590000122785568, 0.08569999784231186, 0.08150000125169754, 0.07819999754428864, 0.07900000363588333, 0.06870000064373016, 0.058400001376867294, 0.056299999356269836, 0.03880000114440918, 0.02590000070631504, 0.015599999576807022, 0.007199999876320362, 0.01080000028014183, 0.00930000003427267, 0.01889999955892563, 0.04360000044107437, 0.07850000262260437, 0.10320000350475311, 0.11640000343322754, 0.09700000286102295, 0.09690000116825104, 0.0892999991774559, 0.09080000221729279, 0.08669999986886978, 0.0843999981880188, 0.09189999848604202, 0.09130000323057175, 0.07800000160932541, 0.06920000165700912, 0.07150000333786011, 0.0575999990105629, 0.050700001418590546, 0.042399998754262924, 0.029899999499320984, 0.027799999341368675, 0.023800000548362732, 0.02329999953508377, 0.021900000050663948, 0.024399999529123306, 0.030300000682473183, 0.03779999911785126, 0.05130000039935112, 0.05979999899864197, 0.06689999997615814, 0.07190000265836716, 0.07349999994039536, 0.07349999994039536, 0.0723000019788742, 0.07209999859333038, 0.07190000265836716, 0.07270000129938126, 0.06859999895095825, 0.06449999660253525, 0.05810000002384186, 0.0551999993622303, 0.05350000038743019, 0.05000000074505806, 0.03819999843835831, 0.028699999675154686, 0.025599999353289604, 0.02239999920129776, 0.020400000736117363, 0.020999999716877937, 0.02449999935925007, 0.031099999323487282, 0.03550000116229057, 0.0430000014603138, 0.05460000038146973, 0.06430000066757202, 0.06769999861717224, 0.06849999725818634, 0.06669999659061432, 0.06880000233650208, 0.06639999896287918, 0.06669999659061432, 0.06390000134706497, 0.061900001019239426, 0.058400001376867294, 0.05550000071525574, 0.04830000177025795, 0.03880000114440918, 0.028999999165534973, 0.023000000044703484, 0.02019999921321869, 0.019899999722838402, 0.02199999988079071, 0.029200000688433647, 0.05090000107884407, 0.08290000259876251, 0.1111999973654747, 0.13420000672340393, 0.12939999997615814, 0.12620000541210175, 0.08900000154972076, 0.07360000163316727, 0.07460000365972519, 0.07410000264644623, 0.08139999955892563, 0.07919999957084656, 0.07880000025033951, 0.07479999959468842, 0.06809999793767929, 0.056299999356269836, 0.04809999838471413, 0.03920000046491623, 0.02810000069439411, 0.02280000038444996, 0.0203000009059906, 0.020800000056624413, 0.02250000089406967, 0.029500000178813934, 0.051600001752376556, 0.08129999786615372, 0.12370000034570694, 0.14569999277591705, 0.10530000180006027, 0.06700000166893005, 0.07010000199079514, 0.0729999989271164, 0.10909999907016754, 0.07829999923706055, 0.08139999955892563, 0.07970000058412552, 0.08969999849796295, 0.07739999890327454, 0.06809999793767929, 0.058800000697374344, 0.052400000393390656, 0.04089999943971634, 0.02930000051856041, 0.010499999858438969, 0.006000000052154064, 0.004800000227987766, 0.009100000374019146, 0.019600000232458115, 0.04340000078082085, 0.08550000190734863, 0.13259999454021454, 0.1907999962568283, 0.1509999930858612, 0.16899999976158142, 0.07280000299215317, 0.07609999924898148, 0.0835999995470047, 0.09130000323057175, 0.09179999679327011, 0.07050000131130219, 0.07590000331401825, 0.07620000094175339, 0.08290000259876251, 0.06129999831318855, 0.053599998354911804, 0.036400001496076584, 0.023099999874830246, 0.009499999694526196, 0.010400000028312206, 0.006899999920278788, 0.007899999618530273, 0.02239999920129776, 0.050700001418590546, 0.0868000015616417, 0.13660000264644623, 0.16699999570846558, 0.10869999974966049, 0.09740000218153, 0.08330000191926956, 0.0835999995470047, 0.07829999923706055, 0.09679999947547913, 0.08219999819993973, 0.08590000122785568, 0.10109999775886536, 0.08799999952316284, 0.08190000057220459, 0.0722000002861023, 0.05550000071525574, 0.041999999433755875, 0.027499999850988388, 0.013000000268220901, 0.008299999870359898, 0.014000000432133675, 0.009999999776482582, 0.02319999970495701, 0.042100001126527786, 0.08190000057220459, 0.12020000070333481, 0.1492999941110611, 0.10170000046491623, 0.09690000116825104, 0.08829999715089798, 0.08420000225305557, 0.08649999648332596, 0.09179999679327011, 0.09290000051259995, 0.09149999916553497, 0.08229999989271164, 0.07769999653100967, 0.07090000063180923, 0.06210000067949295, 0.05920000001788139, 0.04360000044107437, 0.02930000051856041, 0.020999999716877937, 0.011800000444054604, 0.01209999993443489, 0.009200000204145908, 0.013700000010430813, 0.020500000566244125, 0.031099999323487282, 0.04569999873638153, 0.06360000371932983, 0.0714000016450882, 0.0843999981880188, 0.07850000262260437, 0.07270000129938126, 0.0738999992609024, 0.08060000091791153, 0.07620000094175339, 0.09099999815225601, 0.07769999653100967, 0.07649999856948853, 0.062300000339746475, 0.04430000111460686, 0.04089999943971634, 0.06120000034570694, 0.04859999939799309, 0.02969999983906746, 0.012400000356137753, 0.00800000037997961, 0.005799999926239252, 0.010300000198185444, 0.009399999864399433, 0.022299999371170998, 0.030300000682473183, 0.03709999844431877, 0.05460000038146973, 0.0722000002861023, 0.0763000026345253, 0.07779999822378159, 0.07810000330209732, 0.0689999982714653, 0.07150000333786011, 0.06750000268220901, 0.06539999693632126, 0.0632999986410141, 0.06040000170469284, 0.05530000105500221, 0.05079999938607216, 0.034699998795986176, 0.022199999541044235, 0.012199999764561653, 0.006599999964237213, 0.005799999926239252, 0.008500000461935997, 0.01860000006854534, 0.046300001442432404, 0.08129999786615372, 0.13809999823570251, 0.11940000206232071, 0.10019999742507935, 0.09009999781847, 0.07540000230073929, 0.07680000364780426, 0.07509999722242355, 0.07840000092983246, 0.08910000324249268, 0.09099999815225601, 0.08330000191926956, 0.07609999924898148, 0.0697999969124794, 0.03099999949336052, 0.025499999523162842, 0.01860000006854534, 0.017000000923871994, 0.011099999770522118, 0.006200000178068876, 0.004699999932199717, 0.012199999764561653, 0.020099999383091927, 0.04769999906420708, 0.08399999886751175, 0.13230000436306, 0.16019999980926514, 0.10859999805688858, 0.09849999845027924, 0.08370000123977661, 0.08229999989271164, 0.08449999988079071, 0.09019999951124191, 0.08529999852180481, 0.0851999968290329, 0.07750000059604645, 0.08259999752044678, 0.07639999687671661, 0.06109999865293503, 0.049800001084804535, 0.0364999994635582, 0.02329999953508377, 0.009499999694526196, 0.006000000052154064, 0.006599999964237213, 0.00839999970048666, 0.017500000074505806, 0.04670000076293945, 0.08470000326633453, 0.13539999723434448, 0.19460000097751617, 0.10649999976158142, 0.09830000251531601, 0.08760000020265579, 0.08169999718666077, 0.07769999653100967, 0.08489999920129776, 0.09109999984502792, 0.08320000022649765, 0.0763000026345253, 0.07930000126361847, 0.07599999755620956, 0.06129999831318855, 0.0551999993622303, 0.03750000149011612, 0.024800000712275505, 0.012600000016391277, 0.006899999920278788, 0.006399999838322401, 0.008500000461935997, 0.0210999995470047, 0.04320000112056732, 0.08020000159740448, 0.15710000693798065, 0.17520000040531158, 0.11649999767541885, 0.12610000371932983, 0.08510000258684158, 0.08839999884366989, 0.08550000190734863, 0.08959999680519104, 0.08990000188350677, 0.08760000020265579, 0.07810000330209732, 0.08739999681711197, 0.07670000195503235, 0.06880000233650208, 0.05660000070929527, 0.043800000101327896, 0.024700000882148743, 0.011500000022351742, 0.010499999858438969, 0.008899999782443047, 0.010099999606609344, 0.018699999898672104, 0.04859999939799309, 0.08529999852180481, 0.14429999887943268, 0.16509999334812164, 0.10450000315904617, 0.09809999912977219, 0.08479999750852585, 0.08380000293254852, 0.08619999885559082, 0.0957999974489212, 0.10909999907016754, 0.08789999783039093, 0.08269999921321869, 0.0843999981880188, 0.07859999686479568, 0.06430000066757202, 0.05860000103712082, 0.057500001043081284, 0.04490000009536743, 0.022600000724196434, 0.0142000000923872, 0.010300000198185444, 0.010099999606609344, 0.01510000042617321, 0.025699999183416367, 0.04190000146627426, 0.06030000001192093, 0.08370000123977661, 0.08460000157356262, 0.09390000253915787, 0.1120000034570694, 0.10649999976158142, 0.23909999430179596, 0.1800999939441681, 0.1662999987602234, 0.225600004196167, 0.12189999967813492, 0.08609999716281891, 0.07559999823570251, 0.06650000065565109, 0.07540000230073929, 0.060499999672174454, 0.042100001126527786, 0.021400000900030136, 0.018699999898672104, 0.010300000198185444, 0.007300000172108412, 0.00989999994635582, 0.01510000042617321, 0.02199999988079071, 0.032999999821186066, 0.04450000077486038, 0.06870000064373016, 0.0940999984741211, 0.09430000185966492, 0.09749999642372131, 0.08959999680519104, 0.08829999715089798, 0.10199999809265137, 0.09589999914169312, 0.05790000036358833, 0.046799998730421066, 0.05009999871253967, 0.04309999942779541, 0.043699998408555984, 0.028599999845027924, 0.014999999664723873, 0.009100000374019146, 0.007699999958276749, 0.008700000122189522, 0.012500000186264515, 0.023900000378489494, 0.04569999873638153, 0.08100000023841858, 0.11259999871253967, 0.11949999630451202, 0.12710000574588776, 0.08959999680519104, 0.08619999885559082, 0.08560000360012054, 0.0820000022649765, 0.0794999971985817, 0.09000000357627869, 0.08089999854564667, 0.08389999717473984, 0.08009999990463257, 0.0738999992609024, 0.05810000002384186, 0.049400001764297485, 0.035599999129772186, 0.018699999898672104, 0.009499999694526196, 0.0071000000461936, 0.004800000227987766, 0.007799999788403511, 0.018300000578165054, 0.04780000075697899, 0.08479999750852585, 0.14309999346733093, 0.16369999945163727, 0.10750000178813934, 0.09839999675750732, 0.08980000019073486, 0.0803999975323677, 0.08330000191926956, 0.08429999649524689, 0.08720000088214874, 0.08389999717473984, 0.08160000294446945, 0.07490000128746033, 0.07590000331401825, 0.06040000170469284, 0.05389999970793724, 0.04569999873638153, 0.020400000736117363, 0.010499999858438969, 0.00800000037997961, 0.007300000172108412, 0.010400000028312206, 0.01860000006854534, 0.045099999755620956, 0.08290000259876251, 0.12790000438690186, 0.1550000011920929, 0.10429999977350235, 0.09809999912977219, 0.08290000259876251, 0.07999999821186066, 0.07970000058412552, 0.0892999991774559, 0.08810000121593475, 0.08030000329017639, 0.07159999758005142, 0.06949999928474426, 0.07509999722242355, 0.05999999865889549, 0.05139999836683273, 0.04019999876618385, 0.022700000554323196, 0.009399999864399433, 0.006099999882280827, 0.005799999926239252, 0.00800000037997961, 0.021800000220537186, 0.04690000042319298, 0.07980000227689743, 0.14090000092983246, 0.19300000369548798, 0.10570000112056732, 0.09300000220537186, 0.07819999754428864, 0.0828000009059906, 0.08579999953508377, 0.09560000151395798, 0.08190000057220459, 0.08420000225305557, 0.07559999823570251, 0.07370000332593918, 0.07000000029802322, 0.06530000269412994, 0.05849999934434891, 0.03759999945759773, 0.02410000003874302, 0.014000000432133675, 0.007000000216066837, 0.007799999788403511, 0.009499999694526196, 0.020400000736117363, 0.049800001084804535, 0.08340000361204147, 0.12030000239610672, 0.16329999268054962, 0.10899999737739563, 0.10029999911785126, 0.09220000356435776, 0.08789999783039093, 0.08730000257492065, 0.09059999883174896, 0.08630000054836273, 0.09059999883174896, 0.08649999648332596, 0.08209999650716782, 0.07169999927282333, 0.05849999934434891, 0.06369999796152115, 0.049400001764297485, 0.029600000008940697, 0.015699999406933784, 0.012500000186264515, 0.020800000056624413, 0.009800000116229057, 0.011500000022351742, 0.019600000232458115, 0.03280000016093254, 0.048500001430511475, 0.06870000064373016, 0.08429999649524689, 0.08219999819993973, 0.08320000022649765, 0.08399999886751175, 0.08569999784231186, 0.08529999852180481, 0.08150000125169754, 0.08060000091791153, 0.08079999685287476, 0.06960000097751617, 0.062199998646974564, 0.05779999867081642, 0.060100000351667404, 0.05920000001788139, 0.03819999843835831, 0.01679999940097332, 0.012600000016391277, 0.007199999876320362, 0.005499999970197678, 0.009100000374019146, 0.015200000256299973, 0.02800000086426735, 0.021400000900030136, 0.022299999371170998, 0.040800001472234726, 0.042100001126527786, 0.0406000018119812, 0.05730000138282776, 0.0737999975681305, 0.07850000262260437, 0.07180000096559525, 0.07119999825954437, 0.06920000165700912, 0.06289999932050705, 0.05950000137090683, 0.053199999034404755, 0.052400000393390656, 0.03319999948143959, 0.02199999988079071, 0.010300000198185444, 0.008500000461935997, 0.007499999832361937, 0.007400000002235174, 0.021900000050663948, 0.04309999942779541, 0.08320000022649765, 0.12929999828338623, 0.133200004696846, 0.1071000024676323, 0.09239999949932098, 0.07590000331401825, 0.07320000231266022, 0.07800000160932541, 0.07800000160932541, 0.08550000190734863, 0.0885000005364418, 0.08420000225305557, 0.0737999975681305, 0.0706000030040741, 0.0551999993622303, 0.04960000142455101, 0.03720000013709068, 0.03220000118017197, 0.01269999984651804, 0.006300000008195639, 0.00570000009611249, 0.010499999858438969, 0.019899999722838402, 0.04839999973773956, 0.08179999887943268, 0.11919999867677689, 0.1136000007390976, 0.10159999877214432, 0.0934000015258789, 0.08489999920129776, 0.0794999971985817, 0.07999999821186066, 0.09070000052452087, 0.0868000015616417, 0.21570000052452087, 0.37070000171661377, 0.28619998693466187, 0.10980000346899033, 0.05570000037550926, 0.05730000138282776, 0.03750000149011612, 0.03709999844431877, 0.011900000274181366, 0.008200000040233135, 0.007699999958276749, 0.013799999840557575, 0.017500000074505806, 0.044599998742341995, 0.08950000256299973, 0.11240000277757645, 0.11270000040531158, 0.10769999772310257, 0.09300000220537186, 0.0877000018954277, 0.08330000191926956, 0.08969999849796295, 0.09300000220537186, 0.08969999849796295, 0.08470000326633453, 0.08060000091791153, 0.06939999759197235, 0.05530000105500221, 0.059300001710653305, 0.06509999930858612, 0.05009999871253967, 0.03269999846816063, 0.02239999920129776, 0.010599999688565731, 0.006099999882280827, 0.00930000003427267, 0.022099999710917473, 0.04190000146627426, 0.0828000009059906, 0.13410000503063202, 0.19740000367164612, 0.10260000079870224, 0.10360000282526016, 0.0940999984741211, 0.09000000357627869, 0.08659999817609787, 0.09449999779462814, 0.08780000358819962, 0.08330000191926956, 0.13210000097751617, 0.11110000312328339, 0.07859999686479568, 0.059300001710653305, 0.06729999929666519, 0.04479999840259552, 0.03440000116825104, 0.02419999986886978, 0.00860000029206276, 0.004800000227987766, 0.004999999888241291, 0.010700000450015068, 0.023000000044703484, 0.04349999874830246, 0.07050000131130219, 0.06949999928474426, 0.057100001722574234, 0.052400000393390656, 0.05130000039935112, 0.07590000331401825, 0.09220000356435776, 0.09619999676942825, 0.09489999711513519, 0.09309999644756317, 0.07699999958276749, 0.06719999760389328, 0.07649999856948853, 0.06650000065565109, 0.058400001376867294, 0.054499998688697815, 0.043699998408555984, 0.022299999371170998, 0.013000000268220901, 0.009200000204145908, 0.009999999776482582, 0.016300000250339508, 0.02290000021457672, 0.03680000081658363, 0.05290000140666962, 0.06499999761581421, 0.07919999957084656, 0.08540000021457672, 0.09749999642372131, 0.09399999678134918, 0.09539999812841415, 0.09920000284910202, 0.09679999947547913, 0.09629999846220016, 0.0885000005364418, 0.0786999985575676, 0.07609999924898148, 0.06069999933242798, 0.06379999965429306, 0.0625, 0.03689999878406525, 0.01730000041425228, 0.013199999928474426, 0.008899999782443047, 0.015399999916553497, 0.00860000029206276, 0.013700000010430813, 0.025299999862909317, 0.03220000118017197, 0.049300000071525574, 0.060100000351667404, 0.07930000126361847, 0.0869000032544136, 0.0877000018954277, 0.09430000185966492, 0.0908999964594841, 0.08889999985694885, 0.07980000227689743, 0.08429999649524689, 0.08460000157356262, 0.07750000059604645, 0.062300000339746475, 0.0625, 0.05000000074505806, 0.031199999153614044, 0.020099999383091927, 0.012000000104308128, 0.006800000090152025, 0.007699999958276749, 0.010400000028312206, 0.01549999974668026, 0.024399999529123306, 0.0284000001847744, 0.03880000114440918, 0.0471000000834465, 0.05829999968409538, 0.062199998646974564, 0.06469999998807907, 0.06790000200271606, 0.0674000009894371, 0.06710000336170197, 0.06729999929666519, 0.06270000338554382, 0.05350000038743019, 0.05220000073313713, 0.04969999939203262, 0.0560000017285347, 0.03909999877214432, 0.025200000032782555, 0.018400000408291817, 0.01269999984651804, 0.006599999964237213, 0.009600000455975533, 0.02280000038444996, 0.04699999839067459, 0.08609999716281891, 0.12290000170469284, 0.15880000591278076, 0.11230000108480453, 0.09120000153779984, 0.07980000227689743, 0.07599999755620956, 0.07419999688863754, 0.08190000057220459, 0.08820000290870667, 0.09319999814033508, 0.08070000261068344, 0.07739999890327454, 0.0731000006198883, 0.06750000268220901, 0.05079999938607216, 0.03709999844431877, 0.025299999862909317, 0.010599999688565731, 0.006200000178068876, 0.004600000102072954, 0.010599999688565731, 0.019200000911951065, 0.057100001722574234, 0.08980000019073486, 0.1574999988079071, 0.17900000512599945, 0.09989999979734421, 0.09510000050067902, 0.08879999816417694, 0.08049999922513962, 0.08190000057220459, 0.08810000121593475, 0.0851999968290329, 0.21299999952316284, 0.35350000858306885, 0.17810000479221344, 0.07519999891519547, 0.05590000003576279, 0.05400000140070915, 0.03830000013113022, 0.021700000390410423, 0.013700000010430813, 0.009700000286102295, 0.006300000008195639, 0.010700000450015068, 0.019500000402331352, 0.04780000075697899, 0.08630000054836273, 0.14640000462532043, 0.16740000247955322, 0.10429999977350235, 0.09210000187158585, 0.0812000036239624, 0.08129999786615372, 0.08250000327825546, 0.09309999644756317, 0.08460000157356262, 0.08500000089406967, 0.08079999685287476, 0.08089999854564667, 0.07540000230073929, 0.06989999860525131, 0.0544000007212162, 0.04100000113248825, 0.02329999953508377, 0.01489999983459711, 0.007499999832361937, 0.006800000090152025, 0.009499999694526196, 0.021400000900030136, 0.0430000014603138, 0.08330000191926956, 0.10930000245571136, 0.11060000211000443, 0.09839999675750732, 0.09989999979734421, 0.08649999648332596, 0.10159999877214432, 0.08529999852180481, 0.09080000221729279, 0.08510000258684158, 0.08389999717473984, 0.10010000318288803, 0.1712999939918518, 0.07329999655485153, 0.05939999967813492, 0.052400000393390656, 0.04390000179409981, 0.026599999517202377, 0.019300000742077827, 0.012199999764561653, 0.007899999618530273, 0.011599999852478504, 0.011099999770522118, 0.020600000396370888, 0.032499998807907104, 0.045899998396635056, 0.06030000001192093, 0.0714000016450882, 0.07829999923706055, 0.07919999957084656, 0.08460000157356262, 0.07909999787807465, 0.08169999718666077, 0.0828000009059906, 0.08349999785423279, 0.07509999722242355, 0.07259999960660934, 0.05920000001788139, 0.060100000351667404, 0.05790000036358833, 0.0502999983727932, 0.03290000185370445, 0.01850000023841858, 0.014299999922513962, 0.012600000016391277, 0.005499999970197678, 0.00860000029206276, 0.013799999840557575, 0.02199999988079071, 0.02370000071823597, 0.039400000125169754, 0.052299998700618744, 0.06589999794960022, 0.07620000094175339, 0.07320000231266022, 0.07429999858140945, 0.07829999923706055, 0.0746999979019165, 0.07339999824762344, 0.06949999928474426, 0.06949999928474426, 0.058800000697374344, 0.050999999046325684, 0.047600001096725464, 0.03440000116825104, 0.021900000050663948, 0.01269999984651804, 0.017500000074505806, 0.010900000110268593, 0.00989999994635582, 0.016100000590085983, 0.05719999969005585, 0.0892999991774559, 0.13269999623298645, 0.16009999811649323, 0.09799999743700027, 0.08980000019073486, 0.07670000195503235, 0.07590000331401825, 0.07760000228881836, 0.08049999922513962, 0.08089999854564667, 0.08550000190734863, 0.08389999717473984, 0.07729999721050262, 0.0714000016450882, 0.053599998354911804, 0.04960000142455101, 0.03779999911785126, 0.017100000753998756, 0.009600000455975533, 0.006000000052154064, 0.007000000216066837, 0.008200000040233135, 0.024000000208616257, 0.0494999997317791, 0.08299999684095383, 0.1080000028014183, 0.13449999690055847, 0.14990000426769257, 0.09350000321865082, 0.08169999718666077, 0.07880000025033951, 0.0803999975323677, 0.09279999881982803, 0.08330000191926956, 0.08529999852180481, 0.07349999994039536, 0.07750000059604645, 0.06790000200271606, 0.06530000269412994, 0.053599998354911804, 0.03519999980926514, 0.023000000044703484, 0.01140000019222498, 0.010700000450015068, 0.00839999970048666, 0.013500000350177288, 0.020400000736117363, 0.04410000145435333, 0.0851999968290329, 0.11710000038146973, 0.12049999833106995, 0.1550000011920929, 0.1378999948501587, 0.09019999951124191, 0.0835999995470047, 0.0940999984741211, 0.09600000083446503, 0.08550000190734863, 0.08330000191926956, 0.1193000003695488, 0.0737999975681305, 0.07540000230073929, 0.060600001364946365, 0.05400000140070915, 0.03700000047683716, 0.023099999874830246, 0.012000000104308128, 0.005900000222027302, 0.006599999964237213, 0.009999999776482582, 0.01940000057220459, 0.04830000177025795, 0.08240000158548355, 0.1315000057220459, 0.14499999582767487, 0.18610000610351562, 0.10559999942779541, 0.08720000088214874, 0.08179999887943268, 0.09319999814033508, 0.08950000256299973, 0.0794999971985817, 0.08190000057220459, 0.09030000120401382, 0.07199999690055847, 0.07039999961853027, 0.05660000070929527, 0.05909999832510948, 0.03229999914765358, 0.025599999353289604, 0.01489999983459711, 0.007400000002235174, 0.006099999882280827, 0.009600000455975533, 0.021800000220537186, 0.046300001442432404, 0.08110000193119049, 0.13269999623298645, 0.19439999759197235, 0.10300000011920929, 0.09860000014305115, 0.08810000121593475, 0.08799999952316284, 0.08649999648332596, 0.08889999985694885, 0.08460000157356262, 0.08869999647140503, 0.08829999715089798, 0.0803999975323677, 0.07490000128746033, 0.05849999934434891, 0.057500001043081284, 0.04610000178217888, 0.03350000083446503, 0.019700000062584877, 0.009800000116229057, 0.007499999832361937, 0.00930000003427267, 0.009600000455975533, 0.01979999989271164, 0.03189999982714653, 0.05480000004172325, 0.0568000003695488, 0.07270000129938126, 0.07689999788999557, 0.07760000228881836, 0.0722000002861023, 0.07959999889135361, 0.0828000009059906, 0.07840000092983246, 0.07599999755620956, 0.07559999823570251, 0.07109999656677246, 0.061500001698732376, 0.06539999693632126, 0.06260000169277191, 0.05339999869465828, 0.04490000009536743, 0.023800000548362732, 0.010999999940395355, 0.009399999864399433, 0.005200000014156103, 0.006800000090152025, 0.012400000356137753, 0.019099999219179153, 0.02250000089406967, 0.0348999984562397, 0.05810000002384186, 0.06729999929666519, 0.07209999859333038, 0.07989999651908875, 0.07670000195503235, 0.07739999890327454, 0.07689999788999557, 0.07370000332593918, 0.07119999825954437, 0.05689999833703041, 0.05510000139474869, 0.056699998676776886, 0.05290000140666962, 0.03869999945163727, 0.026900000870227814, 0.01119999960064888, 0.005900000222027302, 0.006000000052154064, 0.010499999858438969, 0.01940000057220459, 0.04690000042319298, 0.07959999889135361, 0.09640000015497208, 0.09390000253915787, 0.10040000081062317, 0.0851999968290329, 0.07500000298023224, 0.0737999975681305, 0.0754999965429306, 0.07970000058412552, 0.07479999959468842, 0.07800000160932541, 0.06970000267028809, 0.07509999722242355, 0.07240000367164612, 0.0617000013589859, 0.05119999870657921, 0.03700000047683716, 0.018300000578165054, 0.011099999770522118, 0.007600000128149986, 0.007699999958276749, 0.009100000374019146, 0.01810000091791153, 0.04410000145435333, 0.0860000029206276, 0.10180000215768814, 0.09589999914169312, 0.09740000218153, 0.08940000087022781, 0.08649999648332596, 0.08389999717473984, 0.08410000056028366, 0.08399999886751175, 0.07900000363588333, 0.07930000126361847, 0.07400000095367432, 0.06689999997615814, 0.0689999982714653, 0.05090000107884407, 0.05609999969601631, 0.039500001817941666, 0.021299999207258224, 0.01850000023841858, 0.007000000216066837, 0.005400000140070915, 0.009800000116229057, 0.0203000009059906, 0.047200001776218414, 0.0843999981880188, 0.10239999741315842, 0.09399999678134918, 0.09200000017881393, 0.09669999778270721, 0.08160000294446945, 0.07689999788999557, 0.08669999986886978, 0.08089999854564667, 0.07190000265836716, 0.06679999828338623, 0.05889999866485596, 0.05990000069141388, 0.07540000230073929, 0.06449999660253525, 0.05559999868273735, 0.04270000010728836, 0.02669999934732914, 0.01209999993443489, 0.009200000204145908, 0.005799999926239252, 0.010599999688565731, 0.019999999552965164, 0.04619999974966049, 0.08429999649524689, 0.09809999912977219, 0.09939999878406525, 0.09279999881982803, 0.08649999648332596, 0.08619999885559082, 0.08089999854564667, 0.08659999817609787, 0.09109999984502792, 0.07840000092983246, 0.08410000056028366, 0.0738999992609024, 0.07360000163316727, 0.07580000162124634, 0.0674000009894371, 0.062300000339746475, 0.049300000071525574, 0.025100000202655792, 0.01640000008046627, 0.008700000122189522, 0.008999999612569809, 0.011500000022351742, 0.025200000032782555, 0.045899998396635056, 0.0778999999165535, 0.14339999854564667, 0.13289999961853027, 0.09260000288486481, 0.0835999995470047, 0.0860000029206276, 0.08900000154972076, 0.08609999716281891, 0.08380000293254852, 0.07500000298023224, 0.07909999787807465, 0.08079999685287476, 0.07680000364780426, 0.08179999887943268, 0.06260000169277191, 0.060100000351667404, 0.05290000140666962, 0.0414000004529953, 0.021900000050663948, 0.011099999770522118, 0.008200000040233135, 0.009700000286102295, 0.012900000438094139, 0.020500000566244125, 0.029400000348687172, 0.0494999997317791, 0.06610000133514404, 0.07479999959468842, 0.07649999856948853, 0.07959999889135361, 0.08869999647140503, 0.08479999750852585, 0.07339999824762344, 0.08129999786615372, 0.07989999651908875, 0.07760000228881836, 0.06970000267028809, 0.06689999997615814, 0.052299998700618744, 0.06210000067949295, 0.054499998688697815, 0.042500000447034836, 0.026599999517202377, 0.01140000019222498, 0.012199999764561653, 0.007600000128149986, 0.00860000029206276, 0.010900000110268593, 0.021900000050663948, 0.027000000700354576, 0.040800001472234726, 0.05400000140070915, 0.07069999724626541, 0.07940000295639038, 0.07479999959468842, 0.07450000196695328, 0.07769999653100967, 0.0754999965429306, 0.0738999992609024, 0.06589999794960022, 0.05310000106692314, 0.04390000179409981, 0.043800000101327896, 0.04500000178813934, 0.03440000116825104, 0.02019999921321869, 0.01549999974668026, 0.006399999838322401, 0.0052999998442828655, 0.009999999776482582, 0.01600000075995922, 0.03660000115633011, 0.06440000236034393, 0.1039000004529953, 0.10610000044107437, 0.09359999746084213, 0.0885000005364418, 0.0803999975323677, 0.08330000191926956, 0.07779999822378159, 0.09049999713897705, 0.07739999890327454, 0.0771000012755394, 0.07599999755620956, 0.07649999856948853, 0.07900000363588333, 0.06289999932050705, 0.050599999725818634, 0.03720000013709068, 0.020800000056624413, 0.010999999940395355, 0.010700000450015068, 0.00559999980032444, 0.009499999694526196, 0.019899999722838402, 0.04639999940991402, 0.08799999952316284, 0.10339999943971634, 0.10270000249147415, 0.09709999710321426, 0.09309999644756317, 0.08889999985694885, 0.08049999922513962, 0.08919999748468399, 0.08560000360012054, 0.07460000365972519, 0.07339999824762344, 0.07370000332593918, 0.06949999928474426, 0.06520000100135803, 0.05079999938607216, 0.0551999993622303, 0.04010000079870224, 0.02539999969303608, 0.016300000250339508, 0.005799999926239252, 0.005499999970197678, 0.009499999694526196, 0.01979999989271164, 0.04769999906420708, 0.08659999817609787, 0.09849999845027924, 0.10459999740123749, 0.07500000298023224, 0.08869999647140503, 0.08160000294446945, 0.08060000091791153, 0.09600000083446503, 0.08070000261068344, 0.0778999999165535, 0.07840000092983246, 0.0763000026345253, 0.07090000063180923, 0.07129999995231628, 0.06930000334978104, 0.05739999935030937, 0.04270000010728836, 0.0210999995470047, 0.011300000362098217, 0.007300000172108412, 0.005200000014156103, 0.00860000029206276, 0.0215000007301569, 0.04430000111460686, 0.08250000327825546, 0.10199999809265137, 0.10209999978542328, 0.09799999743700027, 0.09399999678134918, 0.08290000259876251, 0.08609999716281891, 0.07750000059604645, 0.08709999918937683, 0.07859999686479568, 0.08060000091791153, 0.07609999924898148, 0.07779999822378159, 0.07919999957084656, 0.06849999725818634, 0.06279999762773514, 0.05420000106096268, 0.03009999915957451, 0.013399999588727951, 0.007199999876320362, 0.007300000172108412, 0.010700000450015068, 0.02199999988079071, 0.04450000077486038, 0.08399999886751175, 0.10949999839067459, 0.10329999774694443, 0.0908999964594841, 0.08879999816417694, 0.10350000113248825, 0.08100000023841858, 0.08810000121593475, 0.08340000361204147, 0.08060000091791153, 0.07989999651908875, 0.08269999921321869, 0.08380000293254852, 0.07259999960660934, 0.06260000169277191, 0.05660000070929527, 0.049400001764297485, 0.03180000185966492, 0.01889999955892563, 0.010099999606609344, 0.008999999612569809, 0.007699999958276749, 0.01269999984651804, 0.020899999886751175, 0.03229999914765358, 0.041999999433755875, 0.05900000035762787, 0.0706000030040741, 0.0738999992609024, 0.07829999923706055, 0.07829999923706055, 0.0754999965429306, 0.0771000012755394, 0.07810000330209732, 0.0737999975681305, 0.08030000329017639, 0.06689999997615814, 0.05999999865889549, 0.0575999990105629, 0.061900001019239426, 0.057500001043081284, 0.038600001484155655, 0.020899999886751175, 0.01269999984651804, 0.013299999758601189, 0.012299999594688416, 0.007899999618530273, 0.0203000009059906, 0.017799999564886093, 0.02459999918937683, 0.035999998450279236, 0.05310000106692314, 0.06780000030994415, 0.07479999959468842, 0.06960000097751617, 0.07500000298023224, 0.07180000096559525, 0.0706000030040741, 0.06939999759197235, 0.060499999672174454, 0.06069999933242798, 0.05979999899864197, 0.06120000034570694, 0.05950000137090683, 0.042899999767541885, 0.024700000882148743, 0.01119999960064888, 0.016300000250339508, 0.006000000052154064, 0.01209999993443489, 0.021700000390410423, 0.042399998754262924, 0.07980000227689743, 0.10159999877214432, 0.10050000250339508, 0.09440000355243683, 0.09300000220537186, 0.0860000029206276, 0.07079999893903732, 0.0786999985575676, 0.08219999819993973, 0.08560000360012054, 0.08489999920129776, 0.07320000231266022, 0.0722000002861023, 0.0737999975681305, 0.06069999933242798, 0.04800000041723251, 0.03999999910593033, 0.026200000196695328, 0.011599999852478504, 0.00559999980032444, 0.005499999970197678, 0.008500000461935997, 0.019999999552965164, 0.04749999940395355, 0.08479999750852585, 0.10279999673366547, 0.10769999772310257, 0.0997999981045723, 0.09849999845027924, 0.08879999816417694, 0.07930000126361847, 0.0794999971985817, 0.08510000258684158, 0.07859999686479568, 0.07800000160932541, 0.0681999996304512, 0.07880000025033951, 0.0786999985575676, 0.06509999930858612, 0.057999998331069946, 0.03869999945163727, 0.025299999862909317, 0.010599999688565731, 0.008299999870359898, 0.00800000037997961, 0.01269999984651804, 0.020800000056624413, 0.044199999421834946, 0.08950000256299973, 0.1136000007390976, 0.10339999943971634, 0.09790000319480896, 0.09880000352859497, 0.09269999712705612, 0.08320000022649765, 0.08020000159740448, 0.08380000293254852, 0.07609999924898148, 0.0812000036239624, 0.07699999958276749, 0.07180000096559525, 0.07410000264644623, 0.07150000333786011, 0.05510000139474869, 0.04019999876618385, 0.024399999529123306, 0.013500000350177288, 0.007699999958276749, 0.006300000008195639, 0.009100000374019146, 0.020500000566244125, 0.04610000178217888, 0.08590000122785568, 0.10769999772310257, 0.11249999701976776, 0.10209999978542328, 0.09849999845027924, 0.09149999916553497, 0.08209999650716782, 0.08449999988079071, 0.09160000085830688, 0.08020000159740448, 0.07609999924898148, 0.07909999787807465, 0.07339999824762344, 0.07460000365972519, 0.06840000301599503, 0.05900000035762787, 0.04639999940991402, 0.02539999969303608, 0.01759999990463257, 0.009600000455975533, 0.010300000198185444, 0.009800000116229057, 0.026399999856948853, 0.05220000073313713, 0.08079999685287476, 0.10719999670982361, 0.10580000281333923, 0.10170000046491623, 0.09529999643564224, 0.08860000222921371, 0.08919999748468399, 0.08889999985694885, 0.0851999968290329, 0.08060000091791153, 0.08669999986886978, 0.08089999854564667, 0.0738999992609024, 0.060600001364946365, 0.06459999829530716, 0.05820000171661377, 0.055399999022483826, 0.0333000011742115, 0.028200000524520874, 0.013700000010430813, 0.00860000029206276, 0.007499999832361937, 0.01510000042617321, 0.02280000038444996, 0.0333000011742115, 0.04450000077486038, 0.05999999865889549, 0.07850000262260437, 0.08320000022649765, 0.08550000190734863, 0.07989999651908875, 0.07890000194311142, 0.08009999990463257, 0.08049999922513962, 0.08009999990463257, 0.07479999959468842, 0.06870000064373016, 0.06360000371932983, 0.0544000007212162, 0.06159999966621399, 0.06639999896287918, 0.049300000071525574, 0.03709999844431877, 0.03629999980330467, 0.024000000208616257, 0.013100000098347664, 0.01119999960064888, 0.014000000432133675, 0.021199999377131462, 0.03350000083446503, 0.045899998396635056, 0.06599999964237213, 0.0803999975323677, 0.07500000298023224, 0.07249999791383743, 0.07010000199079514, 0.06930000334978104, 0.06930000334978104, 0.07370000332593918, 0.06930000334978104, 0.060100000351667404, 0.05649999901652336, 0.05770000070333481, 0.05420000106096268, 0.046799998730421066, 0.04749999940395355, 0.04100000113248825, 0.013500000350177288, 0.009800000116229057, 0.011900000274181366, 0.021400000900030136, 0.04309999942779541, 0.08550000190734863, 0.10620000213384628, 0.10939999669790268, 0.1014999970793724, 0.09279999881982803, 0.08799999952316284, 0.08330000191926956, 0.07829999923706055, 0.08250000327825546, 0.07769999653100967, 0.06679999828338623, 0.060499999672174454, 0.061400000005960464, 0.06260000169277191, 0.057500001043081284, 0.05130000039935112, 0.03689999878406525, 0.01889999955892563, 0.011800000444054604, 0.005799999926239252, 0.006599999964237213, 0.010300000198185444, 0.0272000003606081, 0.04619999974966049, 0.0868000015616417, 0.09769999980926514, 0.08550000190734863, 0.08129999786615372, 0.08070000261068344, 0.07919999957084656, 0.07959999889135361, 0.07419999688863754, 0.0851999968290329, 0.08030000329017639, 0.07259999960660934, 0.07500000298023224, 0.07249999791383743, 0.07370000332593918, 0.05920000001788139, 0.04989999905228615, 0.04540000110864639, 0.029999999329447746, 0.01640000008046627, 0.006899999920278788, 0.006000000052154064, 0.008799999952316284, 0.01769999973475933, 0.043699998408555984, 0.08959999680519104, 0.10670000314712524, 0.10899999737739563, 0.10580000281333923, 0.09369999915361404, 0.08720000088214874, 0.08470000326633453, 0.08020000159740448, 0.093299999833107, 0.08569999784231186, 0.07739999890327454, 0.07760000228881836, 0.06949999928474426, 0.06780000030994415, 0.04749999940395355, 0.04390000179409981, 0.037300001829862595, 0.023399999365210533, 0.016599999740719795, 0.010599999688565731, 0.00989999994635582, 0.009100000374019146, 0.019999999552965164, 0.050200000405311584, 0.08340000361204147, 0.10849999636411667, 0.10459999740123749, 0.09600000083446503, 0.09179999679327011, 0.07890000194311142, 0.08739999681711197, 0.08299999684095383, 0.08919999748468399, 0.07670000195503235, 0.07970000058412552, 0.07720000296831131, 0.06400000303983688, 0.06639999896287918, 0.05270000174641609, 0.05510000139474869, 0.04039999842643738, 0.029899999499320984, 0.01889999955892563, 0.011699999682605267, 0.006599999964237213, 0.00800000037997961, 0.013399999588727951, 0.02410000003874302, 0.03629999980330467, 0.05119999870657921, 0.050700001418590546, 0.06080000102519989, 0.07460000365972519, 0.07249999791383743, 0.07010000199079514, 0.07000000029802322, 0.06970000267028809, 0.07000000029802322, 0.06669999659061432, 0.06120000034570694, 0.05260000005364418, 0.05510000139474869, 0.052400000393390656, 0.05620000138878822, 0.04989999905228615, 0.03370000049471855, 0.013700000010430813, 0.008200000040233135, 0.006599999964237213, 0.00559999980032444, 0.007499999832361937, 0.011900000274181366, 0.01940000057220459, 0.02280000038444996, 0.033799998462200165, 0.04529999941587448, 0.05220000073313713, 0.05420000106096268, 0.054999999701976776, 0.05480000004172325, 0.05310000106692314, 0.055799998342990875, 0.054999999701976776, 0.05350000038743019, 0.05220000073313713, 0.04820000007748604, 0.0471000000834465, 0.040800001472234726, 0.04479999840259552, 0.03920000046491623, 0.025699999183416367, 0.012000000104308128, 0.008299999870359898, 0.006399999838322401, 0.008200000040233135, 0.01140000019222498, 0.015599999576807022, 0.02329999953508377, 0.0333000011742115, 0.04580000042915344, 0.05270000174641609, 0.06260000169277191, 0.06889999657869339, 0.066600002348423, 0.06629999727010727, 0.06989999860525131, 0.06419999897480011, 0.05869999900460243, 0.05730000138282776, 0.05220000073313713, 0.052000001072883606, 0.04989999905228615, 0.040800001472234726, 0.028200000524520874, 0.014399999752640724, 0.00839999970048666, 0.006099999882280827, 0.008299999870359898, 0.016699999570846558, 0.04170000180602074, 0.09560000151395798, 0.11699999868869781, 0.1039000004529953, 0.09769999980926514, 0.08889999985694885, 0.08330000191926956, 0.0723000019788742, 0.07599999755620956, 0.08250000327825546, 0.07970000058412552, 0.07609999924898148, 0.07739999890327454, 0.07400000095367432, 0.06870000064373016, 0.05429999902844429, 0.04659999907016754, 0.030400000512599945, 0.012500000186264515, 0.009800000116229057, 0.0066999997943639755, 0.0071000000461936, 0.012600000016391277, 0.02019999921321869, 0.051100000739097595, 0.08240000158548355, 0.10970000177621841, 0.10999999940395355, 0.09950000047683716, 0.09679999947547913, 0.08919999748468399, 0.07720000296831131, 0.08020000159740448, 0.08209999650716782, 0.08370000123977661, 0.08070000261068344, 0.08209999650716782, 0.07840000092983246, 0.0763000026345253, 0.06310000270605087, 0.050200000405311584, 0.03669999912381172, 0.02250000089406967, 0.012000000104308128, 0.009700000286102295, 0.009100000374019146, 0.010300000198185444, 0.020600000396370888, 0.045899998396635056, 0.08179999887943268, 0.11169999837875366, 0.1128000020980835, 0.10180000215768814, 0.08609999716281891, 0.08229999989271164, 0.07450000196695328, 0.08269999921321869, 0.08269999921321869, 0.07840000092983246, 0.08190000057220459, 0.07410000264644623, 0.0714000016450882, 0.07119999825954437, 0.05920000001788139, 0.05290000140666962, 0.037700001150369644, 0.02539999969303608, 0.013500000350177288, 0.008200000040233135, 0.009999999776482582, 0.009600000455975533, 0.019200000911951065, 0.04529999941587448, 0.07750000059604645, 0.1137000024318695, 0.16660000383853912, 0.10440000146627426, 0.09099999815225601, 0.08829999715089798, 0.07909999787807465, 0.08349999785423279, 0.08820000290870667, 0.08079999685287476, 0.07680000364780426, 0.07320000231266022, 0.0714000016450882, 0.07689999788999557, 0.06319999694824219, 0.05999999865889549, 0.049400001764297485, 0.025800000876188278, 0.014600000344216824, 0.007899999618530273, 0.011699999682605267, 0.009499999694526196, 0.018200000748038292, 0.04670000076293945, 0.07959999889135361, 0.10159999877214432, 0.10090000182390213, 0.09470000118017197, 0.08760000020265579, 0.08179999887943268, 0.08510000258684158, 0.08320000022649765, 0.08100000023841858, 0.07859999686479568, 0.07689999788999557, 0.0778999999165535, 0.0763000026345253, 0.0706000030040741, 0.05810000002384186, 0.05310000106692314, 0.05040000006556511, 0.035100001841783524, 0.018699999898672104, 0.013299999758601189, 0.008999999612569809, 0.007000000216066837, 0.012799999676644802, 0.016699999570846558, 0.024299999698996544, 0.03790000081062317, 0.04969999939203262, 0.05350000038743019, 0.06650000065565109, 0.06379999965429306, 0.06369999796152115, 0.07909999787807465, 0.08190000057220459, 0.07680000364780426, 0.08569999784231186, 0.06560000032186508, 0.06750000268220901, 0.06129999831318855, 0.059700001031160355, 0.05939999967813492, 0.058400001376867294, 0.049800001084804535, 0.03680000081658363, 0.016699999570846558, 0.014299999922513962, 0.007400000002235174, 0.012299999594688416, 0.012500000186264515, 0.019300000742077827, 0.03290000185370445, 0.03669999912381172, 0.053300000727176666, 0.06769999861717224, 0.07739999890327454, 0.06949999928474426, 0.07779999822378159, 0.06960000097751617, 0.07259999960660934, 0.07079999893903732, 0.06560000032186508, 0.0632999986410141, 0.06120000034570694, 0.05889999866485596, 0.05510000139474869, 0.04600000008940697, 0.04270000010728836, 0.014800000004470348, 0.008500000461935997, 0.004999999888241291, 0.010099999606609344, 0.01720000058412552, 0.05000000074505806, 0.08799999952316284, 0.10760000348091125, 0.1437000036239624, 0.10100000351667404, 0.08730000257492065, 0.07880000025033951, 0.07739999890327454, 0.07739999890327454, 0.08919999748468399, 0.0803999975323677, 0.08169999718666077, 0.08449999988079071, 0.07419999688863754, 0.07689999788999557, 0.058400001376867294, 0.051100000739097595, 0.03610000014305115, 0.025699999183416367, 0.015300000086426735, 0.0066999997943639755, 0.008200000040233135, 0.014299999922513962, 0.024900000542402267, 0.0471000000834465, 0.08799999952316284, 0.10670000314712524, 0.13249999284744263, 0.16449999809265137, 0.10320000350475311, 0.08969999849796295, 0.07689999788999557, 0.07890000194311142, 0.0843999981880188, 0.0843999981880188, 0.07500000298023224, 0.07859999686479568, 0.06769999861717224, 0.06759999692440033, 0.08269999921321869, 0.0625, 0.04450000077486038, 0.029200000688433647, 0.02070000022649765, 0.00839999970048666, 0.005799999926239252, 0.010400000028312206, 0.019200000911951065, 0.0430000014603138, 0.08290000259876251, 0.10450000315904617, 0.0966000035405159, 0.08330000191926956, 0.09440000355243683, 0.08879999816417694, 0.07890000194311142, 0.08399999886751175, 0.0851999968290329, 0.0738999992609024, 0.07569999992847443, 0.07450000196695328, 0.07069999724626541, 0.07090000063180923, 0.060100000351667404, 0.051100000739097595, 0.03849999979138374, 0.021800000220537186, 0.01360000018030405, 0.007799999788403511, 0.006500000134110451, 0.009600000455975533, 0.027300000190734863, 0.043800000101327896, 0.08460000157356262, 0.11420000344514847, 0.10849999636411667, 0.10019999742507935, 0.09650000184774399, 0.09319999814033508, 0.07980000227689743, 0.08240000158548355, 0.09229999780654907, 0.07980000227689743, 0.08160000294446945, 0.07479999959468842, 0.07540000230073929, 0.07050000131130219, 0.06419999897480011, 0.056699998676776886, 0.05640000104904175, 0.043800000101327896, 0.01640000008046627, 0.010900000110268593, 0.00860000029206276, 0.009200000204145908, 0.024000000208616257, 0.04969999939203262, 0.0812000036239624, 0.10480000078678131, 0.09960000216960907, 0.09939999878406525, 0.09160000085830688, 0.08659999817609787, 0.07760000228881836, 0.0860000029206276, 0.08860000222921371, 0.08240000158548355, 0.0786999985575676, 0.07810000330209732, 0.07680000364780426, 0.0746999979019165, 0.061000000685453415, 0.06109999865293503, 0.05849999934434891, 0.03359999880194664, 0.018799999728798866, 0.01759999990463257, 0.009999999776482582, 0.008700000122189522, 0.011500000022351742, 0.02459999918937683, 0.0340999998152256, 0.04960000142455101, 0.06539999693632126, 0.07410000264644623, 0.08049999922513962, 0.08020000159740448, 0.0729999989271164, 0.07440000027418137, 0.07999999821186066, 0.08780000358819962, 0.08049999922513962, 0.07699999958276749, 0.06459999829530716, 0.061400000005960464, 0.06310000270605087, 0.06639999896287918, 0.05770000070333481, 0.03999999910593033, 0.025800000876188278, 0.01360000018030405, 0.010400000028312206, 0.010400000028312206, 0.00839999970048666, 0.013700000010430813, 0.01860000006854534, 0.02889999933540821, 0.03680000081658363, 0.05130000039935112, 0.06520000100135803, 0.06669999659061432, 0.0746999979019165, 0.07840000092983246, 0.07519999891519547, 0.07150000333786011, 0.06769999861717224, 0.06870000064373016, 0.06710000336170197, 0.06279999762773514, 0.05050000175833702, 0.03909999877214432, 0.03579999879002571, 0.03060000017285347, 0.015399999916553497, 0.007300000172108412, 0.00800000037997961, 0.010599999688565731, 0.020099999383091927, 0.05000000074505806, 0.08389999717473984, 0.10899999737739563, 0.15080000460147858, 0.179299995303154, 0.093299999833107, 0.08139999955892563, 0.07769999653100967, 0.07930000126361847, 0.07800000160932541, 0.07729999721050262, 0.08609999716281891, 0.07440000027418137, 0.07249999791383743, 0.07909999787807465, 0.06120000034570694, 0.05040000006556511, 0.040699999779462814, 0.01940000057220459, 0.013700000010430813, 0.005799999926239252, 0.007499999832361937, 0.009600000455975533, 0.017899999395012856, 0.050599999725818634, 0.08429999649524689, 0.11330000311136246, 0.18050000071525574, 0.3440000116825104, 0.2793000042438507, 0.08449999988079071, 0.08649999648332596, 0.08250000327825546, 0.0851999968290329, 0.07850000262260437, 0.08250000327825546, 0.07689999788999557, 0.07500000298023224, 0.07410000264644623, 0.06939999759197235, 0.06159999966621399, 0.04830000177025795, 0.023099999874830246, 0.01549999974668026, 0.00839999970048666, 0.006899999920278788, 0.011300000362098217, 0.021400000900030136, 0.05220000073313713, 0.08240000158548355, 0.09870000183582306, 0.10610000044107437, 0.12219999730587006, 0.0908999964594841, 0.08789999783039093, 0.08110000193119049, 0.08470000326633453, 0.08739999681711197, 0.08179999887943268, 0.08089999854564667, 0.07349999994039536, 0.07150000333786011, 0.07829999923706055, 0.06610000133514404, 0.062199998646974564, 0.05009999871253967, 0.03709999844431877, 0.012500000186264515, 0.007499999832361937, 0.007000000216066837, 0.010099999606609344, 0.01899999938905239, 0.0421999990940094, 0.07519999891519547, 0.10170000046491623, 0.10530000180006027, 0.0949999988079071, 0.09019999951124191, 0.08649999648332596, 0.08619999885559082, 0.08240000158548355, 0.08839999884366989, 0.07779999822378159, 0.07599999755620956, 0.0731000006198883, 0.06960000097751617, 0.07079999893903732, 0.05959999933838844, 0.054499998688697815, 0.045099999755620956, 0.028699999675154686, 0.014600000344216824, 0.00800000037997961, 0.007899999618530273, 0.00860000029206276, 0.018799999728798866, 0.043299999088048935, 0.07569999992847443, 0.09950000047683716, 0.09589999914169312, 0.07680000364780426, 0.09120000153779984, 0.08900000154972076, 0.08250000327825546, 0.08340000361204147, 0.08669999986886978, 0.08250000327825546, 0.07559999823570251, 0.08070000261068344, 0.07900000363588333, 0.07159999758005142, 0.059700001031160355, 0.052000001072883606, 0.04399999976158142, 0.034699998795986176, 0.029999999329447746, 0.015699999406933784, 0.009600000455975533, 0.00930000003427267, 0.025800000876188278, 0.019700000062584877, 0.031700000166893005, 0.04320000112056732, 0.060499999672174454, 0.0778999999165535, 0.07919999957084656, 0.07689999788999557, 0.07280000299215317, 0.07530000060796738, 0.07320000231266022, 0.07880000025033951, 0.08299999684095383, 0.08349999785423279, 0.07240000367164612, 0.06800000369548798, 0.06560000032186508, 0.058800000697374344, 0.05169999971985817, 0.03700000047683716, 0.017799999564886093, 0.011699999682605267, 0.008500000461935997, 0.006899999920278788, 0.013199999928474426, 0.011699999682605267, 0.02070000022649765, 0.02329999953508377, 0.03400000184774399, 0.04989999905228615, 0.06610000133514404, 0.07119999825954437, 0.06589999794960022, 0.06809999793767929, 0.06800000369548798, 0.06620000302791595, 0.06539999693632126, 0.06499999761581421, 0.05950000137090683, 0.05609999969601631, 0.051500000059604645, 0.05079999938607216, 0.03790000081062317, 0.01860000006854534, 0.011500000022351742, 0.01209999993443489, 0.00570000009611249, 0.009700000286102295, 0.028699999675154686, 0.043699998408555984, 0.08550000190734863, 0.1023000031709671, 0.10729999840259552, 0.09570000320672989, 0.09359999746084213, 0.09080000221729279, 0.07980000227689743, 0.08020000159740448, 0.09049999713897705, 0.08190000057220459, 0.08060000091791153, 0.0868000015616417, 0.07919999957084656, 0.0771000012755394, 0.06069999933242798, 0.05590000003576279, 0.03480000048875809, 0.02199999988079071, 0.014499999582767487, 0.00930000003427267, 0.006399999838322401, 0.008899999782443047, 0.021800000220537186, 0.04910000041127205, 0.08340000361204147, 0.09969999641180038, 0.10649999976158142, 0.09619999676942825, 0.09120000153779984, 0.08760000020265579, 0.07840000092983246, 0.0820000022649765, 0.08320000022649765, 0.08649999648332596, 0.08479999750852585, 0.0869000032544136, 0.07760000228881836, 0.07760000228881836, 0.06340000033378601, 0.053700000047683716, 0.03709999844431877, 0.022700000554323196, 0.011099999770522118, 0.008999999612569809, 0.0052999998442828655, 0.011599999852478504, 0.01850000023841858, 0.05040000006556511, 0.08410000056028366, 0.11209999769926071, 0.10459999740123749, 0.09880000352859497, 0.09730000048875809, 0.09109999984502792, 0.0812000036239624, 0.08529999852180481, 0.08579999953508377, 0.07720000296831131, 0.0794999971985817, 0.0737999975681305, 0.08399999886751175, 0.08479999750852585, 0.06849999725818634, 0.05640000104904175, 0.04470000043511391, 0.02539999969303608, 0.010700000450015068, 0.012500000186264515, 0.0066999997943639755, 0.010400000028312206, 0.019999999552965164, 0.04569999873638153, 0.08990000188350677, 0.10279999673366547, 0.12099999934434891, 0.21439999341964722, 0.10080000013113022, 0.09080000221729279, 0.08969999849796295, 0.0885000005364418, 0.08860000222921371, 0.07649999856948853, 0.07479999959468842, 0.08869999647140503, 0.0729999989271164, 0.0738999992609024, 0.07940000295639038, 0.061000000685453415, 0.05000000074505806, 0.025699999183416367, 0.012900000438094139, 0.007899999618530273, 0.007699999958276749, 0.01119999960064888, 0.019600000232458115, 0.042100001126527786, 0.07450000196695328, 0.10339999943971634, 0.10170000046491623, 0.0982000008225441, 0.09380000084638596, 0.08669999986886978, 0.08209999650716782, 0.08699999749660492, 0.08460000157356262, 0.07750000059604645, 0.07590000331401825, 0.07500000298023224, 0.07240000367164612, 0.07760000228881836, 0.06109999865293503, 0.05299999937415123, 0.04670000076293945, 0.03739999979734421, 0.025499999523162842, 0.012199999764561653, 0.009999999776482582, 0.010599999688565731, 0.012400000356137753, 0.020500000566244125, 0.029200000688433647, 0.04340000078082085, 0.07880000025033951, 0.06889999657869339, 0.06920000165700912, 0.08259999752044678, 0.07569999992847443, 0.07509999722242355, 0.07639999687671661, 0.08089999854564667, 0.07440000027418137, 0.07569999992847443, 0.07590000331401825, 0.06270000338554382, 0.05779999867081642, 0.06530000269412994, 0.05180000141263008, 0.03869999945163727, 0.017899999395012856, 0.010300000198185444, 0.00839999970048666, 0.006599999964237213, 0.007699999958276749, 0.010599999688565731, 0.0203000009059906, 0.02710000053048134, 0.03909999877214432, 0.04800000041723251, 0.06340000033378601, 0.0697999969124794, 0.07169999927282333, 0.07199999690055847, 0.07339999824762344, 0.06920000165700912, 0.07050000131130219, 0.06449999660253525, 0.061000000685453415, 0.05820000171661377, 0.05270000174641609, 0.05119999870657921, 0.033399999141693115, 0.02160000056028366, 0.010499999858438969, 0.007300000172108412, 0.00559999980032444, 0.008500000461935997, 0.01860000006854534, 0.04050000011920929, 0.07729999721050262, 0.10239999741315842, 0.1062999963760376, 0.0982000008225441, 0.09369999915361404, 0.08259999752044678, 0.07559999823570251, 0.07649999856948853, 0.08389999717473984, 0.07280000299215317, 0.0778999999165535, 0.0754999965429306, 0.07050000131130219, 0.07660000026226044, 0.061799999326467514, 0.050599999725818634, 0.033900000154972076, 0.017000000923871994, 0.013299999758601189, 0.008200000040233135, 0.008200000040233135, 0.009800000116229057, 0.02449999935925007, 0.04879999905824661, 0.0934000015258789, 0.10540000349283218, 0.10679999738931656, 0.09470000118017197, 0.09130000323057175, 0.08229999989271164, 0.08420000225305557, 0.07959999889135361, 0.07989999651908875, 0.07750000059604645, 0.08699999749660492, 0.08020000159740448, 0.07980000227689743, 0.07530000060796738, 0.06830000132322311, 0.05590000003576279, 0.03880000114440918, 0.02710000053048134, 0.010999999940395355, 0.008899999782443047, 0.01510000042617321, 0.01080000028014183, 0.01979999989271164, 0.046799998730421066, 0.08569999784231186, 0.09459999948740005, 0.10300000011920929, 0.1137000024318695, 0.10170000046491623, 0.08869999647140503, 0.07880000025033951, 0.08449999988079071, 0.08340000361204147, 0.07720000296831131, 0.07859999686479568, 0.08009999990463257, 0.07270000129938126, 0.07609999924898148, 0.07410000264644623, 0.06759999692440033, 0.039900001138448715, 0.026499999687075615, 0.011699999682605267, 0.0071000000461936, 0.009399999864399433, 0.011699999682605267, 0.020899999886751175, 0.04960000142455101, 0.09430000185966492, 0.10840000212192535, 0.15000000596046448, 0.13510000705718994, 0.07109999656677246, 0.07989999651908875, 0.09030000120401382, 0.08320000022649765, 0.08560000360012054, 0.0868000015616417, 0.08020000159740448, 0.07760000228881836, 0.07959999889135361, 0.08139999955892563, 0.06809999793767929, 0.06549999862909317, 0.04769999906420708, 0.030400000512599945, 0.01640000008046627, 0.01119999960064888, 0.006300000008195639, 0.010300000198185444, 0.0215000007301569, 0.04479999840259552, 0.07689999788999557, 0.0868000015616417, 0.10589999705553055, 0.09600000083446503, 0.09130000323057175, 0.09200000017881393, 0.08079999685287476, 0.08709999918937683, 0.09440000355243683, 0.07890000194311142, 0.08100000023841858, 0.07880000025033951, 0.08250000327825546, 0.07940000295639038, 0.061000000685453415, 0.05820000171661377, 0.052000001072883606, 0.031300000846385956, 0.016200000420212746, 0.012600000016391277, 0.009700000286102295, 0.008500000461935997, 0.011900000274181366, 0.01810000091791153, 0.03359999880194664, 0.049400001764297485, 0.060499999672174454, 0.07199999690055847, 0.0812000036239624, 0.07840000092983246, 0.07289999723434448, 0.08399999886751175, 0.08240000158548355, 0.08129999786615372, 0.07660000026226044, 0.07859999686479568, 0.05550000071525574, 0.045099999755620956, 0.040300000458955765, 0.042399998754262924, 0.033900000154972076, 0.028999999165534973, 0.025699999183416367, 0.01119999960064888, 0.009700000286102295, 0.005499999970197678, 0.008200000040233135, 0.011500000022351742, 0.024700000882148743, 0.034699998795986176, 0.03759999945759773, 0.05469999834895134, 0.06930000334978104, 0.0771000012755394, 0.07810000330209732, 0.06920000165700912, 0.07569999992847443, 0.07050000131130219, 0.07289999723434448, 0.07159999758005142, 0.06239999830722809, 0.06310000270605087, 0.0608999989926815, 0.06530000269412994, 0.04259999841451645, 0.02250000089406967, 0.013299999758601189, 0.008999999612569809, 0.007499999832361937, 0.013399999588727951, 0.01810000091791153, 0.05510000139474869, 0.08100000023841858, 0.11550000309944153, 0.11169999837875366, 0.09650000184774399, 0.09179999679327011, 0.07370000332593918, 0.07599999755620956, 0.07329999655485153, 0.07880000025033951, 0.08209999650716782, 0.07940000295639038, 0.08529999852180481, 0.08320000022649765, 0.07519999891519547, 0.05739999935030937, 0.05249999836087227, 0.043699998408555984, 0.02459999918937683, 0.011500000022351742, 0.006599999964237213, 0.011300000362098217, 0.009100000374019146, 0.019700000062584877, 0.04520000144839287, 0.08489999920129776, 0.11309999972581863, 0.10769999772310257, 0.09780000150203705, 0.0940999984741211, 0.08789999783039093, 0.07999999821186066, 0.07859999686479568, 0.08470000326633453, 0.07500000298023224, 0.08429999649524689, 0.27720001339912415, 0.1264999955892563, 0.08320000022649765, 0.06469999998807907, 0.0575999990105629, 0.03700000047683716, 0.021800000220537186, 0.01600000075995922, 0.007400000002235174, 0.00839999970048666, 0.010700000450015068, 0.026399999856948853, 0.045099999755620956, 0.0885000005364418, 0.12099999934434891, 0.10409999638795853, 0.09839999675750732, 0.09160000085830688, 0.08649999648332596, 0.0820000022649765, 0.08500000089406967, 0.08789999783039093, 0.07850000262260437, 0.08060000091791153, 0.07440000027418137, 0.07440000027418137, 0.0754999965429306, 0.07419999688863754, 0.05869999900460243, 0.041200000792741776, 0.02800000086426735, 0.01549999974668026, 0.009200000204145908, 0.00800000037997961, 0.009800000116229057, 0.02319999970495701, 0.04349999874830246, 0.08389999717473984, 0.11429999768733978, 0.13369999825954437, 0.10440000146627426, 0.09350000321865082, 0.07999999821186066, 0.07199999690055847, 0.08630000054836273, 0.08590000122785568, 0.08749999850988388, 0.07909999787807465, 0.0820000022649765, 0.0502999983727932, 0.07720000296831131, 0.06599999964237213, 0.06080000102519989, 0.04450000077486038, 0.0272000003606081, 0.014999999664723873, 0.010499999858438969, 0.012000000104308128, 0.017500000074505806, 0.02329999953508377, 0.053599998354911804, 0.08309999853372574, 0.10830000042915344, 0.11659999936819077, 0.09669999778270721, 0.08959999680519104, 0.08150000125169754, 0.037300001829862595, 0.027699999511241913, 0.07609999924898148, 0.0812000036239624, 0.08510000258684158, 0.08820000290870667, 0.07680000364780426, 0.08919999748468399, 0.066600002348423, 0.058800000697374344, 0.05640000104904175, 0.05270000174641609, 0.04100000113248825, 0.033399999141693115, 0.009499999694526196, 0.008899999782443047, 0.01209999993443489, 0.019500000402331352, 0.03359999880194664, 0.047200001776218414, 0.06469999998807907, 0.0714000016450882, 0.08299999684095383, 0.08190000057220459, 0.07760000228881836, 0.07810000330209732, 0.07989999651908875, 0.07670000195503235, 0.07660000026226044, 0.0794999971985817, 0.06790000200271606, 0.06620000302791595, 0.06120000034570694, 0.06199999898672104, 0.06019999831914902, 0.05460000038146973, 0.03620000183582306, 0.012600000016391277, 0.009200000204145908, 0.006399999838322401, 0.007600000128149986, 0.011599999852478504, 0.017799999564886093, 0.026100000366568565, 0.03629999980330467, 0.059700001031160355, 0.15029999613761902, 0.07349999994039536, 0.0754999965429306, 0.07329999655485153, 0.07349999994039536, 0.0706000030040741, 0.07090000063180923, 0.07100000232458115, 0.06509999930858612, 0.0640999972820282, 0.05660000070929527, 0.057100001722574234, 0.0406000018119812, 0.024299999698996544, 0.011800000444054604, 0.006899999920278788, 0.0052999998442828655, 0.009200000204145908, 0.01720000058412552, 0.04560000076889992, 0.08219999819993973, 0.10090000182390213, 0.10409999638795853, 0.09880000352859497, 0.09380000084638596, 0.0828000009059906, 0.07500000298023224, 0.07580000162124634, 0.08020000159740448, 0.07580000162124634, 0.07639999687671661, 0.07819999754428864, 0.07339999824762344, 0.08489999920129776, 0.05860000103712082, 0.043699998408555984, 0.03400000184774399, 0.01979999989271164, 0.011699999682605267, 0.009600000455975533, 0.009399999864399433, 0.011800000444054604, 0.01679999940097332, 0.0414000004529953, 0.08609999716281891, 0.1185000017285347, 0.11069999635219574, 0.09669999778270721, 0.0957999974489212, 0.08550000190734863, 0.0812000036239624, 0.07599999755620956, 0.0794999971985817, 0.08190000057220459, 0.07620000094175339, 0.0738999992609024, 0.07729999721050262, 0.08030000329017639, 0.06419999897480011, 0.051600001752376556, 0.03440000116825104, 0.023399999365210533, 0.010999999940395355, 0.009999999776482582, 0.00860000029206276, 0.011599999852478504, 0.020500000566244125, 0.0551999993622303, 0.08940000087022781, 0.10999999940395355, 0.10180000215768814, 0.13609999418258667, 0.09380000084638596, 0.09109999984502792, 0.0794999971985817, 0.08179999887943268, 0.09300000220537186, 0.08269999921321869, 0.08089999854564667, 0.07769999653100967, 0.07729999721050262, 0.08609999716281891, 0.07760000228881836, 0.05350000038743019, 0.03999999910593033, 0.023900000378489494, 0.011800000444054604, 0.005499999970197678, 0.004699999932199717, 0.007400000002235174, 0.014000000432133675, 0.03139999881386757, 0.0803999975323677, 0.10790000110864639, 0.13429999351501465, 0.23849999904632568, 0.06069999933242798, 0.08209999650716782, 0.0820000022649765, 0.08460000157356262, 0.08240000158548355, 0.07360000163316727, 0.07850000262260437, 0.07450000196695328, 0.07320000231266022, 0.07509999722242355, 0.06199999898672104, 0.05130000039935112, 0.03620000183582306, 0.019899999722838402, 0.015599999576807022, 0.00839999970048666, 0.009499999694526196, 0.010900000110268593, 0.025800000876188278, 0.04809999838471413, 0.08910000324249268, 0.11249999701976776, 0.10520000010728836, 0.09650000184774399, 0.09390000253915787, 0.09189999848604202, 0.0794999971985817, 0.08309999853372574, 0.08760000020265579, 0.0738999992609024, 0.05389999970793724, 0.06390000134706497, 0.09610000252723694, 0.09109999984502792, 0.06530000269412994, 0.05860000103712082, 0.0494999997317791, 0.037300001829862595, 0.023099999874830246, 0.013299999758601189, 0.009600000455975533, 0.009700000286102295, 0.012000000104308128, 0.02630000002682209, 0.04740000143647194, 0.04610000178217888, 0.06530000269412994, 0.07199999690055847, 0.08609999716281891, 0.07649999856948853, 0.07940000295639038, 0.08420000225305557, 0.08079999685287476, 0.08429999649524689, 0.07930000126361847, 0.07739999890327454, 0.0697999969124794, 0.06800000369548798, 0.05979999899864197, 0.062300000339746475, 0.053199999034404755, 0.03500000014901161, 0.016200000420212746, 0.01080000028014183, 0.008200000040233135, 0.006300000008195639, 0.008899999782443047, 0.013500000350177288, 0.01679999940097332, 0.027400000020861626, 0.03689999878406525, 0.05090000107884407, 0.06400000303983688, 0.0723000019788742, 0.0723000019788742, 0.07069999724626541, 0.07199999690055847, 0.0723000019788742, 0.07190000265836716, 0.06830000132322311, 0.057999998331069946, 0.06350000202655792, 0.07199999690055847, 0.05730000138282776, 0.03420000150799751, 0.02539999969303608, 0.012600000016391277, 0.005499999970197678, 0.005100000184029341, 0.008200000040233135, 0.01720000058412552, 0.04450000077486038, 0.09019999951124191, 0.1386999934911728, 0.16140000522136688, 0.09399999678134918, 0.08780000358819962, 0.08720000088214874, 0.07540000230073929, 0.08020000159740448, 0.07720000296831131, 0.0794999971985817, 0.07729999721050262, 0.0714000016450882, 0.07479999959468842, 0.08290000259876251, 0.06239999830722809, 0.05389999970793724, 0.033900000154972076, 0.018200000748038292, 0.010999999940395355, 0.008200000040233135, 0.007199999876320362, 0.01140000019222498, 0.021900000050663948, 0.04859999939799309, 0.08760000020265579, 0.14550000429153442, 0.1647000014781952, 0.09799999743700027, 0.09759999811649323, 0.08449999988079071, 0.07840000092983246, 0.08320000022649765, 0.08299999684095383, 0.08579999953508377, 0.07680000364780426, 0.06830000132322311, 0.0714000016450882, 0.2858999967575073, 0.08919999748468399, 0.05090000107884407, 0.034699998795986176, 0.019099999219179153, 0.014499999582767487, 0.006899999920278788, 0.006399999838322401, 0.008799999952316284, 0.01940000057220459, 0.050599999725818634, 0.0843999981880188, 0.12150000035762787, 0.12890000641345978, 0.17430000007152557, 0.093299999833107, 0.0908999964594841, 0.07890000194311142, 0.0885000005364418, 0.08609999716281891, 0.08510000258684158, 0.0877000018954277, 0.07419999688863754, 0.07859999686479568, 0.08540000021457672, 0.06430000066757202, 0.055399999022483826, 0.038600001484155655, 0.03200000151991844, 0.012400000356137753, 0.007400000002235174, 0.0071000000461936, 0.010200000368058681, 0.019700000062584877, 0.0364999994635582, 0.05050000175833702, 0.09489999711513519, 0.12319999933242798, 0.18359999358654022, 0.07689999788999557, 0.05640000104904175, 0.04690000042319298, 0.05649999901652336, 0.07569999992847443, 0.07289999723434448, 0.07620000094175339, 0.07450000196695328, 0.05849999934434891, 0.06469999998807907, 0.05849999934434891, 0.05139999836683273, 0.03519999980926514, 0.019099999219179153, 0.010300000198185444, 0.00839999970048666, 0.006800000090152025, 0.010400000028312206, 0.019099999219179153, 0.04470000043511391, 0.07890000194311142, 0.14010000228881836, 0.14910000562667847, 0.09600000083446503, 0.0966000035405159, 0.10729999840259552, 0.08089999854564667, 0.08760000020265579, 0.08560000360012054, 0.07440000027418137, 0.08139999955892563, 0.07769999653100967, 0.0771000012755394, 0.07020000368356705, 0.059300001710653305, 0.048900000751018524, 0.0421999990940094, 0.023600000888109207, 0.01360000018030405, 0.008200000040233135, 0.00860000029206276, 0.008200000040233135, 0.013100000098347664, 0.017500000074505806, 0.027000000700354576, 0.03999999910593033, 0.04859999939799309, 0.0544000007212162, 0.06030000001192093, 0.06109999865293503, 0.05889999866485596, 0.05990000069141388, 0.05950000137090683, 0.0575999990105629, 0.0608999989926815, 0.06549999862909317, 0.05810000002384186, 0.05260000005364418, 0.04749999940395355, 0.04740000143647194, 0.040699999779462814, 0.032099999487400055, 0.031099999323487282, 0.01119999960064888, 0.00860000029206276, 0.00860000029206276, 0.007600000128149986, 0.010300000198185444, 0.016599999740719795, 0.026599999517202377, 0.03909999877214432, 0.054999999701976776, 0.07940000295639038, 0.06679999828338623, 0.06949999928474426, 0.06939999759197235, 0.066600002348423, 0.07180000096559525, 0.0674000009894371, 0.06620000302791595, 0.06210000067949295, 0.056699998676776886, 0.05869999900460243, 0.05790000036358833, 0.02979999966919422, 0.02070000022649765, 0.014299999922513962, 0.00570000009611249, 0.004399999976158142, 0.007000000216066837, 0.02070000022649765, 0.04230000078678131, 0.08100000023841858, 0.1340000033378601, 0.22269999980926514, 0.23849999904632568, 0.08910000324249268, 0.08330000191926956, 0.08209999650716782, 0.0737999975681305, 0.07840000092983246, 0.07900000363588333, 0.08479999750852585, 0.06560000032186508, 0.04899999871850014, 0.07590000331401825, 0.0568000003695488, 0.04749999940395355, 0.030799999833106995, 0.017500000074505806, 0.00989999994635582, 0.007400000002235174, 0.004800000227987766, 0.009399999864399433, 0.01769999973475933, 0.04619999974966049, 0.0843999981880188, 0.13030000030994415, 0.11400000005960464, 0.09520000219345093, 0.09290000051259995, 0.0828000009059906, 0.07940000295639038, 0.08579999953508377, 0.08389999717473984, 0.0794999971985817, 0.07490000128746033, 0.07840000092983246, 0.07509999722242355, 0.07890000194311142, 0.06129999831318855, 0.049300000071525574, 0.03709999844431877, 0.016100000590085983, 0.02290000021457672, 0.020600000396370888, 0.019999999552965164, 0.023600000888109207, 0.030500000342726707, 0.053199999034404755, 0.08720000088214874, 0.125, 0.11389999836683273, 0.0989999994635582, 0.08950000256299973, 0.0786999985575676, 0.06800000369548798, 0.07620000094175339, 0.07540000230073929, 0.08129999786615372, 0.07959999889135361, 0.0738999992609024, 0.07320000231266022, 0.07000000029802322, 0.060100000351667404, 0.051600001752376556, 0.041200000792741776, 0.029899999499320984, 0.008500000461935997, 0.005799999926239252, 0.00570000009611249, 0.01080000028014183, 0.020500000566244125, 0.04309999942779541, 0.0812000036239624, 0.08259999752044678, 0.0820000022649765, 0.10220000147819519, 0.29899999499320984, 0.09610000252723694, 0.07739999890327454, 0.08089999854564667, 0.08540000021457672, 0.07029999792575836, 0.07339999824762344, 0.07090000063180923, 0.07329999655485153, 0.06769999861717224, 0.05860000103712082, 0.05380000174045563, 0.050200000405311584, 0.028999999165534973, 0.013700000010430813, 0.009100000374019146, 0.010200000368058681, 0.014100000262260437, 0.021199999377131462, 0.039000000804662704, 0.08560000360012054, 0.15029999613761902, 0.14219999313354492, 0.08940000087022781, 0.09629999846220016, 0.0868000015616417, 0.08389999717473984, 0.06589999794960022, 0.0869000032544136, 0.08219999819993973, 0.08330000191926956, 0.08370000123977661, 0.08659999817609787, 0.08020000159740448, 0.0632999986410141, 0.05270000174641609, 0.04149999842047691, 0.025800000876188278, 0.01899999938905239, 0.008899999782443047, 0.009700000286102295, 0.00800000037997961, 0.010700000450015068, 0.01979999989271164, 0.029400000348687172, 0.042899999767541885, 0.054999999701976776, 0.07079999893903732, 0.07530000060796738, 0.08049999922513962, 0.07159999758005142, 0.07590000331401825, 0.07670000195503235, 0.07519999891519547, 0.07109999656677246, 0.0649000033736229, 0.06040000170469284, 0.05900000035762787, 0.05860000103712082, 0.05130000039935112, 0.05820000171661377, 0.026900000870227814, 0.017100000753998756, 0.011699999682605267, 0.00839999970048666, 0.004000000189989805, 0.004399999976158142, 0.006599999964237213, 0.008899999782443047, 0.014999999664723873, 0.022299999371170998, 0.034699998795986176, 0.0714000016450882, 0.07150000333786011, 0.0731000006198883, 0.07119999825954437, 0.07410000264644623, 0.06390000134706497, 0.06199999898672104, 0.05900000035762787, 0.05550000071525574, 0.05530000105500221, 0.049400001764297485, 0.05620000138878822, 0.03680000081658363, 0.022199999541044235, 0.017799999564886093, 0.006300000008195639, 0.0052999998442828655, 0.011099999770522118, 0.007600000128149986, 0.013299999758601189, 0.01640000008046627, 0.025599999353289604, 0.03480000048875809, 0.04639999940991402, 0.061400000005960464, 0.06379999965429306, 0.06369999796152115, 0.06390000134706497, 0.06210000067949295, 0.061900001019239426, 0.05869999900460243, 0.05299999937415123, 0.049300000071525574, 0.0551999993622303, 0.06379999965429306, 0.0502999983727932, 0.04190000146627426, 0.023600000888109207, 0.013100000098347664, 0.0066999997943639755, 0.005100000184029341, 0.01209999993443489, 0.019200000911951065, 0.05209999904036522, 0.08980000019073486, 0.15399999916553497, 0.18479999899864197, 0.10220000147819519, 0.13770000636577606, 0.08370000123977661, 0.07819999754428864, 0.07590000331401825, 0.08110000193119049, 0.07419999688863754, 0.07909999787807465, 0.07689999788999557, 0.07569999992847443, 0.07840000092983246, 0.06650000065565109, 0.05420000106096268, 0.044199999421834946, 0.025800000876188278, 0.013299999758601189, 0.006000000052154064, 0.006599999964237213, 0.010400000028312206, 0.022600000724196434, 0.04820000007748604, 0.08749999850988388, 0.15610000491142273, 0.16140000522136688, 0.09619999676942825, 0.10159999877214432, 0.0885000005364418, 0.08219999819993973, 0.08089999854564667, 0.08529999852180481, 0.08060000091791153, 0.08020000159740448, 0.07419999688863754, 0.07440000027418137, 0.0794999971985817, 0.07150000333786011, 0.05310000106692314, 0.03830000013113022, 0.027000000700354576, 0.013899999670684338, 0.007799999788403511, 0.006300000008195639, 0.00800000037997961, 0.021299999207258224, 0.04690000042319298, 0.08950000256299973, 0.15379999577999115, 0.1648000031709671, 0.1023000031709671, 0.0949999988079071, 0.08630000054836273, 0.08259999752044678, 0.08190000057220459, 0.08340000361204147, 0.07249999791383743, 0.07980000227689743, 0.23810000717639923, 0.3091000020503998, 0.08179999887943268, 0.06430000066757202, 0.05920000001788139, 0.042899999767541885, 0.02019999921321869, 0.010700000450015068, 0.006300000008195639, 0.007799999788403511, 0.010700000450015068, 0.019700000062584877, 0.04569999873638153, 0.07880000025033951, 0.1386999934911728, 0.16689999401569366, 0.09640000015497208, 0.09279999881982803, 0.08799999952316284, 0.08429999649524689, 0.08209999650716782, 0.08500000089406967, 0.0729999989271164, 0.07970000058412552, 0.07940000295639038, 0.07580000162124634, 0.07199999690055847, 0.05889999866485596, 0.04740000143647194, 0.03929999843239784, 0.03310000151395798, 0.01940000057220459, 0.011800000444054604, 0.007799999788403511, 0.01119999960064888, 0.010400000028312206, 0.020400000736117363, 0.03020000085234642, 0.04019999876618385, 0.056699998676776886, 0.07010000199079514, 0.07479999959468842, 0.07859999686479568, 0.0803999975323677, 0.07890000194311142, 0.07739999890327454, 0.07940000295639038, 0.07280000299215317, 0.07190000265836716, 0.06430000066757202, 0.05460000038146973, 0.04879999905824661, 0.04690000042319298, 0.04729999974370003, 0.0340999998152256, 0.01979999989271164, 0.010200000368058681, 0.007600000128149986, 0.007799999788403511, 0.009700000286102295, 0.014700000174343586, 0.021199999377131462, 0.02669999934732914, 0.03830000013113022, 0.05990000069141388, 0.07209999859333038, 0.07339999824762344, 0.07069999724626541, 0.06930000334978104, 0.07479999959468842, 0.07460000365972519, 0.06949999928474426, 0.07360000163316727, 0.06589999794960022, 0.06310000270605087, 0.052000001072883606, 0.046300001442432404, 0.033799998462200165, 0.019600000232458115, 0.011800000444054604, 0.006899999920278788, 0.005799999926239252, 0.009800000116229057, 0.01979999989271164, 0.042500000447034836, 0.08209999650716782, 0.14630000293254852, 0.1915999948978424, 0.10409999638795853, 0.09629999846220016, 0.07580000162124634, 0.07400000095367432, 0.07410000264644623, 0.08089999854564667, 0.07410000264644623, 0.07800000160932541, 0.0738999992609024, 0.06750000268220901, 0.06549999862909317, 0.04839999973773956, 0.03889999911189079, 0.04650000110268593, 0.0430000014603138, 0.012900000438094139, 0.005799999926239252, 0.007499999832361937, 0.010400000028312206, 0.020099999383091927, 0.04390000179409981, 0.08160000294446945, 0.1200999990105629, 0.10689999908208847, 0.09080000221729279, 0.0892999991774559, 0.08009999990463257, 0.07119999825954437, 0.06440000236034393, 0.0706000030040741, 0.06379999965429306, 0.06759999692440033, 0.06340000033378601, 0.06549999862909317, 0.06989999860525131, 0.05770000070333481, 0.04639999940991402, 0.03009999915957451, 0.017000000923871994, 0.010400000028312206, 0.005400000140070915, 0.006800000090152025, 0.009999999776482582, 0.0203000009059906, 0.045499999076128006, 0.08389999717473984, 0.1485999971628189, 0.20090000331401825, 0.19670000672340393, 0.09629999846220016, 0.08129999786615372, 0.0908999964594841, 0.0778999999165535, 0.08240000158548355, 0.07329999655485153, 0.07540000230073929, 0.07410000264644623, 0.06449999660253525, 0.06369999796152115, 0.05490000173449516, 0.04529999941587448, 0.033399999141693115, 0.026599999517202377, 0.029100000858306885, 0.008500000461935997, 0.00839999970048666, 0.00930000003427267, 0.023900000378489494, 0.052400000393390656, 0.08479999750852585, 0.15549999475479126, 0.19529999792575836, 0.11180000007152557, 0.09589999914169312, 0.08569999784231186, 0.08659999817609787, 0.08320000022649765, 0.0860000029206276, 0.07729999721050262, 0.08259999752044678, 0.07660000026226044, 0.07680000364780426, 0.08110000193119049, 0.07069999724626541, 0.0568000003695488, 0.03700000047683716, 0.0203000009059906, 0.013700000010430813, 0.011900000274181366, 0.00989999994635582, 0.012400000356137753, 0.020099999383091927, 0.052400000393390656, 0.08609999716281891, 0.14920000731945038, 0.1492999941110611, 0.10119999945163727, 0.09139999747276306, 0.09040000289678574, 0.09009999781847, 0.08129999786615372, 0.0820000022649765, 0.08489999920129776, 0.08649999648332596, 0.08209999650716782, 0.0820000022649765, 0.07880000025033951, 0.06849999725818634, 0.05900000035762787, 0.04699999839067459, 0.03480000048875809, 0.016699999570846558, 0.010900000110268593, 0.00800000037997961, 0.010099999606609344, 0.03229999914765358, 0.026000000536441803, 0.031199999153614044, 0.046300001442432404, 0.07150000333786011, 0.06930000334978104, 0.0763000026345253, 0.07620000094175339, 0.07590000331401825, 0.07980000227689743, 0.07999999821186066, 0.07649999856948853, 0.07689999788999557, 0.07090000063180923, 0.06669999659061432, 0.06260000169277191, 0.0568000003695488, 0.057999998331069946, 0.05790000036358833, 0.04479999840259552, 0.025800000876188278, 0.012900000438094139, 0.008899999782443047, 0.006599999964237213, 0.010200000368058681, 0.014499999582767487, 0.021800000220537186, 0.024000000208616257, 0.0414000004529953, 0.055399999022483826, 0.065700002014637, 0.07349999994039536, 0.07850000262260437, 0.07419999688863754, 0.07349999994039536, 0.08089999854564667, 0.06769999861717224, 0.06379999965429306, 0.06390000134706497, 0.06390000134706497, 0.05950000137090683, 0.05270000174641609, 0.039900001138448715, 0.03880000114440918, 0.014499999582767487, 0.008200000040233135, 0.006000000052154064, 0.008500000461935997, 0.019300000742077827, 0.04259999841451645, 0.08079999685287476, 0.13840000331401825, 0.14710000157356262, 0.09749999642372131, 0.09459999948740005, 0.08330000191926956, 0.06830000132322311, 0.06710000336170197, 0.07509999722242355, 0.07240000367164612, 0.0754999965429306, 0.07010000199079514, 0.07069999724626541, 0.0689999982714653, 0.05000000074505806, 0.03840000182390213, 0.026399999856948853, 0.01510000042617321, 0.010099999606609344, 0.006200000178068876, 0.007699999958276749, 0.011900000274181366, 0.020099999383091927, 0.04580000042915344, 0.08730000257492065, 0.1460999995470047, 0.14100000262260437, 0.10419999808073044, 0.09939999878406525, 0.08429999649524689, 0.08219999819993973, 0.08139999955892563, 0.08500000089406967, 0.08049999922513962, 0.08389999717473984, 0.0722000002861023, 0.061500001698732376, 0.06360000371932983, 0.06840000301599503, 0.051899999380111694, 0.03350000083446503, 0.01679999940097332, 0.011900000274181366, 0.008500000461935997, 0.005799999926239252, 0.00989999994635582, 0.028699999675154686, 0.056299999356269836, 0.09149999916553497, 0.15549999475479126, 0.148499995470047, 0.1103999987244606, 0.09700000286102295, 0.08810000121593475, 0.07689999788999557, 0.08489999920129776, 0.08449999988079071, 0.07810000330209732, 0.09229999780654907, 0.07959999889135361, 0.07989999651908875, 0.07620000094175339, 0.05810000002384186, 0.05570000037550926, 0.034299999475479126, 0.018200000748038292, 0.010700000450015068, 0.007199999876320362, 0.008200000040233135, 0.010700000450015068, 0.025800000876188278, 0.048900000751018524, 0.08969999849796295, 0.12770000100135803, 0.17430000007152557, 0.13570000231266022, 0.10199999809265137, 0.0868000015616417, 0.08160000294446945, 0.08649999648332596, 0.08410000056028366, 0.07680000364780426, 0.07479999959468842, 0.08810000121593475, 0.09669999778270721, 0.07530000060796738, 0.06719999760389328, 0.05939999967813492, 0.042500000447034836, 0.020899999886751175, 0.011900000274181366, 0.010599999688565731, 0.008799999952316284, 0.011800000444054604, 0.019999999552965164, 0.04670000076293945, 0.0860000029206276, 0.14560000598430634, 0.15000000596046448, 0.09549999982118607, 0.09529999643564224, 0.08980000019073486, 0.08579999953508377, 0.07999999821186066, 0.08510000258684158, 0.08169999718666077, 0.08489999920129776, 0.08290000259876251, 0.08389999717473984, 0.07689999788999557, 0.066600002348423, 0.05530000105500221, 0.04390000179409981, 0.031099999323487282, 0.017500000074505806, 0.009499999694526196, 0.008799999952316284, 0.008700000122189522, 0.019999999552965164, 0.02290000021457672, 0.030300000682473183, 0.04270000010728836, 0.0617000013589859, 0.06909999996423721, 0.07429999858140945, 0.0771000012755394, 0.0737999975681305, 0.07739999890327454, 0.07569999992847443, 0.07530000060796738, 0.07240000367164612, 0.06870000064373016, 0.06379999965429306, 0.05950000137090683, 0.05719999969005585, 0.05339999869465828, 0.0575999990105629, 0.037700001150369644, 0.020600000396370888, 0.010400000028312206, 0.007799999788403511, 0.005499999970197678, 0.007699999958276749, 0.00989999994635582, 0.01549999974668026, 0.022299999371170998, 0.034699998795986176, 0.050999999046325684, 0.06830000132322311, 0.07050000131130219, 0.0714000016450882, 0.06960000097751617, 0.07029999792575836, 0.06679999828338623, 0.06530000269412994, 0.06390000134706497, 0.05999999865889549, 0.05820000171661377, 0.05290000140666962, 0.04690000042319298, 0.03359999880194664, 0.02199999988079071, 0.016499999910593033, 0.005900000222027302, 0.004999999888241291, 0.009100000374019146, 0.017100000753998756, 0.037300001829862595, 0.07079999893903732, 0.11760000139474869, 0.14970000088214874, 0.10779999941587448, 0.08869999647140503, 0.07739999890327454, 0.07289999723434448, 0.07100000232458115, 0.07599999755620956, 0.07500000298023224, 0.07760000228881836, 0.08250000327825546, 0.07240000367164612, 0.07850000262260437, 0.05590000003576279, 0.04390000179409981, 0.031700000166893005, 0.021900000050663948, 0.00989999994635582, 0.006000000052154064, 0.007000000216066837, 0.00559999980032444, 0.015699999406933784, 0.050700001418590546, 0.08969999849796295, 0.1404000073671341, 0.18619999289512634, 0.11590000241994858, 0.09510000050067902, 0.07810000330209732, 0.08100000023841858, 0.0771000012755394, 0.08720000088214874, 0.07729999721050262, 0.07569999992847443, 0.08429999649524689, 0.07769999653100967, 0.0738999992609024, 0.06379999965429306, 0.04769999906420708, 0.03460000082850456, 0.021199999377131462, 0.009200000204145908, 0.014399999752640724, 0.006000000052154064, 0.014000000432133675, 0.021700000390410423, 0.04989999905228615, 0.08649999648332596, 0.12559999525547028, 0.16840000450611115, 0.10949999839067459, 0.10019999742507935, 0.08709999918937683, 0.08139999955892563, 0.07900000363588333, 0.08269999921321869, 0.09070000052452087, 0.07900000363588333, 0.07119999825954437, 0.12839999794960022, 0.0697999969124794, 0.06069999933242798, 0.04960000142455101, 0.03550000116229057, 0.024800000712275505, 0.014100000262260437, 0.0071000000461936, 0.010599999688565731, 0.01080000028014183, 0.019200000911951065, 0.048500001430511475, 0.08630000054836273, 0.11999999731779099, 0.13359999656677246, 0.09939999878406525, 0.09149999916553497, 0.08900000154972076, 0.07989999651908875, 0.08590000122785568, 0.08259999752044678, 0.07999999821186066, 0.07940000295639038, 0.07649999856948853, 0.07800000160932541, 0.08269999921321869, 0.060499999672174454, 0.057999998331069946, 0.04390000179409981, 0.027300000190734863, 0.013100000098347664, 0.009499999694526196, 0.00800000037997961, 0.011800000444054604, 0.01979999989271164, 0.049300000071525574, 0.09380000084638596, 0.13410000503063202, 0.0729999989271164, 0.09920000284910202, 0.08619999885559082, 0.08529999852180481, 0.08299999684095383, 0.08250000327825546, 0.08820000290870667, 0.08129999786615372, 0.08299999684095383, 0.07989999651908875, 0.07850000262260437, 0.08219999819993973, 0.06480000168085098, 0.05180000141263008, 0.04340000078082085, 0.035599999129772186, 0.0203000009059906, 0.017500000074505806, 0.009100000374019146, 0.008899999782443047, 0.012400000356137753, 0.019099999219179153, 0.032999999821186066, 0.053599998354911804, 0.06350000202655792, 0.0731000006198883, 0.08030000329017639, 0.08240000158548355, 0.08500000089406967, 0.07360000163316727, 0.1446000039577484, 0.16279999911785126, 0.07819999754428864, 0.07810000330209732, 0.07240000367164612, 0.0617000013589859, 0.054999999701976776, 0.05119999870657921, 0.057500001043081284, 0.03579999879002571, 0.027300000190734863, 0.006899999920278788, 0.004800000227987766, 0.00430000014603138, 0.006300000008195639, 0.006000000052154064, 0.016100000590085983, 0.027799999341368675, 0.03849999979138374, 0.0575999990105629, 0.0723000019788742, 0.07150000333786011, 0.07599999755620956, 0.0794999971985817, 0.07069999724626541, 0.0723000019788742, 0.08290000259876251, 0.08250000327825546, 0.07349999994039536, 0.06889999657869339, 0.05829999968409538, 0.04619999974966049, 0.03420000150799751, 0.02810000069439411, 0.012600000016391277, 0.006599999964237213, 0.009100000374019146, 0.00930000003427267, 0.024299999698996544, 0.049400001764297485, 0.08299999684095383, 0.13009999692440033, 0.179299995303154, 0.10180000215768814, 0.09889999777078629, 0.08190000057220459, 0.07699999958276749, 0.07569999992847443, 0.07919999957084656, 0.07999999821186066, 0.0843999981880188, 0.08529999852180481, 0.08619999885559082, 0.07940000295639038, 0.05790000036358833, 0.04340000078082085, 0.03629999980330467, 0.021199999377131462, 0.00860000029206276, 0.005499999970197678, 0.006899999920278788, 0.010499999858438969, 0.0210999995470047, 0.05040000006556511, 0.08560000360012054, 0.12970000505447388, 0.1412999927997589, 0.09440000355243683, 0.0940999984741211, 0.07890000194311142, 0.07909999787807465, 0.07490000128746033, 0.08259999752044678, 0.07810000330209732, 0.08299999684095383, 0.06319999694824219, 0.08160000294446945, 0.08049999922513962, 0.06560000032186508, 0.054099999368190765, 0.03959999978542328, 0.018799999728798866, 0.010499999858438969, 0.006000000052154064, 0.00570000009611249, 0.009600000455975533, 0.018799999728798866, 0.04430000111460686, 0.08799999952316284, 0.14079999923706055, 0.2282000035047531, 0.13349999487400055, 0.0957999974489212, 0.08380000293254852, 0.07609999924898148, 0.07739999890327454, 0.07859999686479568, 0.0714000016450882, 0.07069999724626541, 0.0681999996304512, 0.07289999723434448, 0.06790000200271606, 0.051100000739097595, 0.04360000044107437, 0.030500000342726707, 0.01850000023841858, 0.010499999858438969, 0.006000000052154064, 0.006200000178068876, 0.011099999770522118, 0.02070000022649765, 0.05469999834895134, 0.09120000153779984, 0.14229999482631683, 0.13169999420642853, 0.21699999272823334, 0.13950000703334808, 0.08399999886751175, 0.08209999650716782, 0.08330000191926956, 0.08219999819993973, 0.07500000298023224, 0.07689999788999557, 0.08179999887943268, 0.08380000293254852, 0.07829999923706055, 0.06369999796152115, 0.052400000393390656, 0.03929999843239784, 0.023399999365210533, 0.013100000098347664, 0.010599999688565731, 0.008799999952316284, 0.011300000362098217, 0.019700000062584877, 0.04989999905228615, 0.08609999716281891, 0.15279999375343323, 0.133200004696846, 0.09939999878406525, 0.09449999779462814, 0.09000000357627869, 0.08640000224113464, 0.08709999918937683, 0.08980000019073486, 0.08990000188350677, 0.0908999964594841, 0.0828000009059906, 0.08100000023841858, 0.07980000227689743, 0.06620000302791595, 0.05620000138878822, 0.04800000041723251, 0.031199999153614044, 0.019899999722838402, 0.014700000174343586, 0.010700000450015068, 0.009100000374019146, 0.013199999928474426, 0.027400000020861626, 0.03310000151395798, 0.05209999904036522, 0.06509999930858612, 0.07670000195503235, 0.08389999717473984, 0.07890000194311142, 0.0763000026345253, 0.08129999786615372, 0.07940000295639038, 0.0803999975323677, 0.0763000026345253, 0.07329999655485153, 0.07159999758005142, 0.06599999964237213, 0.04830000177025795, 0.049300000071525574, 0.04659999907016754, 0.0333000011742115, 0.0210999995470047, 0.011300000362098217, 0.01080000028014183, 0.009499999694526196, 0.01140000019222498, 0.014999999664723873, 0.017799999564886093, 0.025499999523162842, 0.04540000110864639, 0.0640999972820282, 0.07500000298023224, 0.07360000163316727, 0.0722000002861023, 0.07270000129938126, 0.07090000063180923, 0.06909999996423721, 0.07079999893903732, 0.06669999659061432, 0.05739999935030937, 0.06199999898672104, 0.05260000005364418, 0.046799998730421066, 0.030899999663233757, 0.023000000044703484, 0.01489999983459711, 0.007699999958276749, 0.00559999980032444, 0.01140000019222498, 0.015699999406933784, 0.039400000125169754, 0.08349999785423279, 0.10440000146627426, 0.10660000145435333, 0.10119999945163727, 0.0794999971985817, 0.08919999748468399, 0.0835999995470047, 0.08259999752044678, 0.07670000195503235, 0.07699999958276749, 0.09149999916553497, 0.07900000363588333, 0.08410000056028366, 0.07750000059604645, 0.05730000138282776, 0.048500001430511475, 0.03420000150799751, 0.019600000232458115, 0.007699999958276749, 0.004900000058114529, 0.005200000014156103, 0.009399999864399433, 0.018300000578165054, 0.04560000076889992, 0.08640000224113464, 0.1216999962925911, 0.1200999990105629, 0.10329999774694443, 0.09440000355243683, 0.07999999821186066, 0.07769999653100967, 0.07609999924898148, 0.07900000363588333, 0.07119999825954437, 0.0714000016450882, 0.06849999725818634, 0.07020000368356705, 0.0689999982714653, 0.04969999939203262, 0.041099999099969864, 0.030799999833106995, 0.026599999517202377, 0.010200000368058681, 0.00559999980032444, 0.00559999980032444, 0.012500000186264515, 0.020800000056624413, 0.04340000078082085, 0.0892999991774559, 0.1080000028014183, 0.11069999635219574, 0.20360000431537628, 0.09529999643564224, 0.08020000159740448, 0.08070000261068344, 0.07840000092983246, 0.08020000159740448, 0.07440000027418137, 0.06939999759197235, 0.06989999860525131, 0.07039999961853027, 0.0689999982714653, 0.002400000113993883, 0.00039999998989515007, 0.00039999998989515007, 0.00039999998989515007, 0.00839999970048666, 0.007300000172108412, 0.006200000178068876, 0.014600000344216824, 0.02419999986886978, 0.046300001442432404, 0.09719999879598618, 0.12380000203847885, 0.1388999968767166, 0.14300000667572021, 0.09690000116825104, 0.08969999849796295, 0.0843999981880188, 0.06729999929666519, 0.08720000088214874, 0.07460000365972519, 0.08330000191926956, 0.07779999822378159, 0.07680000364780426, 0.07509999722242355, 0.0649000033736229, 0.05460000038146973, 0.04569999873638153, 0.03759999945759773, 0.012799999676644802, 0.007699999958276749, 0.00930000003427267, 0.011500000022351742, 0.019700000062584877, 0.046799998730421066, 0.0940999984741211, 0.11010000109672546, 0.16140000522136688, 0.09690000116825104, 0.09929999709129333, 0.08640000224113464, 0.08460000157356262, 0.08500000089406967, 0.08649999648332596, 0.07989999651908875, 0.08579999953508377, 0.08089999854564667, 0.08699999749660492, 0.07970000058412552, 0.0608999989926815, 0.05820000171661377, 0.05220000073313713, 0.04670000076293945, 0.03020000085234642, 0.015200000256299973, 0.014299999922513962, 0.00930000003427267, 0.013899999670684338, 0.022600000724196434, 0.04050000011920929, 0.04769999906420708, 0.06210000067949295, 0.07599999755620956, 0.08089999854564667, 0.07829999923706055, 0.0794999971985817, 0.08150000125169754, 0.07750000059604645, 0.08550000190734863, 0.08240000158548355, 0.07840000092983246, 0.07779999822378159, 0.06599999964237213, 0.05429999902844429, 0.052799999713897705, 0.04699999839067459, 0.039500001817941666, 0.029100000858306885, 0.018799999728798866, 0.01140000019222498, 0.008500000461935997, 0.009399999864399433, 0.014399999752640724, 0.026000000536441803, 0.027699999511241913, 0.0430000014603138, 0.050599999725818634, 0.07119999825954437, 0.07240000367164612, 0.07460000365972519, 0.0729999989271164, 0.07000000029802322, 0.06729999929666519, 0.07620000094175339, 0.08540000021457672, 0.08030000329017639, 0.06120000034570694, 0.056699998676776886, 0.04600000008940697, 0.036400001496076584, 0.018200000748038292, 0.011900000274181366, 0.007499999832361937, 0.00559999980032444, 0.009100000374019146, 0.021299999207258224, 0.04729999974370003, 0.09470000118017197, 0.12770000100135803, 0.19609999656677246, 0.1088000014424324, 0.0966000035405159, 0.07829999923706055, 0.07339999824762344, 0.07270000129938126, 0.0803999975323677, 0.07440000027418137, 0.08460000157356262, 0.08179999887943268, 0.07989999651908875, 0.07760000228881836, 0.0575999990105629, 0.04569999873638153, 0.033399999141693115, 0.01640000008046627, 0.013500000350177288, 0.01720000058412552, 0.005400000140070915, 0.010400000028312206, 0.022700000554323196, 0.04839999973773956, 0.08550000190734863, 0.11840000003576279, 0.13230000436306, 0.10679999738931656, 0.1088000014424324, 0.08370000123977661, 0.07609999924898148, 0.08540000021457672, 0.07919999957084656, 0.07760000228881836, 0.08290000259876251, 0.08399999886751175, 0.08009999990463257, 0.08810000121593475, 0.060100000351667404, 0.05139999836683273, 0.03350000083446503, 0.017899999395012856, 0.011900000274181366, 0.006200000178068876, 0.00800000037997961, 0.01140000019222498, 0.020099999383091927, 0.051600001752376556, 0.08860000222921371, 0.13809999823570251, 0.19990000128746033, 0.09679999947547913, 0.09489999711513519, 0.08630000054836273, 0.08209999650716782, 0.08370000123977661, 0.08429999649524689, 0.07760000228881836, 0.08489999920129776, 0.0778999999165535, 0.0731000006198883, 0.07660000026226044, 0.05889999866485596, 0.052000001072883606, 0.035599999129772186, 0.0203000009059906, 0.008899999782443047, 0.007199999876320362, 0.00800000037997961, 0.019899999722838402, 0.025699999183416367, 0.048700001090765, 0.09319999814033508, 0.13339999318122864, 0.1777999997138977, 0.12970000505447388, 0.09989999979734421, 0.08229999989271164, 0.08380000293254852, 0.08160000294446945, 0.08100000023841858, 0.07649999856948853, 0.08030000329017639, 0.07900000363588333, 0.07890000194311142, 0.07599999755620956, 0.07270000129938126, 0.08380000293254852, 0.05339999869465828, 0.02979999966919422, 0.013000000268220901, 0.007799999788403511, 0.00860000029206276, 0.010700000450015068, 0.02239999920129776, 0.05169999971985817, 0.09549999982118607, 0.12290000170469284, 0.15199999511241913, 0.09679999947547913, 0.09719999879598618, 0.08449999988079071, 0.08560000360012054, 0.0869000032544136, 0.09130000323057175, 0.11079999804496765, 0.12110000103712082, 0.1550000011920929, 0.08259999752044678, 0.09700000286102295, 0.062199998646974564, 0.05090000107884407, 0.045099999755620956, 0.03269999846816063, 0.0215000007301569, 0.013799999840557575, 0.016300000250339508, 0.01140000019222498, 0.016699999570846558, 0.02070000022649765, 0.0340999998152256, 0.05000000074505806, 0.062199998646974564, 0.07119999825954437, 0.0843999981880188, 0.08340000361204147, 0.06719999760389328, 0.05119999870657921, 0.04830000177025795, 0.05249999836087227, 0.05180000141263008, 0.05730000138282776, 0.04520000144839287, 0.043699998408555984, 0.0357000008225441, 0.0364999994635582, 0.05730000138282776, 0.04859999939799309, 0.03200000151991844, 0.02879999950528145, 0.03779999911785126, 0.008200000040233135, 0.0071000000461936, 0.011800000444054604, 0.0203000009059906, 0.026200000196695328, 0.03579999879002571, 0.05510000139474869, 0.07400000095367432, 0.07569999992847443, 0.07240000367164612, 0.0737999975681305, 0.07190000265836716, 0.07699999958276749, 0.07079999893903732, 0.06120000034570694, 0.07069999724626541, 0.05590000003576279, 0.05420000106096268, 0.05270000174641609, 0.04230000078678131, 0.027300000190734863, 0.015599999576807022, 0.00860000029206276, 0.005200000014156103, 0.00839999970048666, 0.02160000056028366, 0.048700001090765, 0.09000000357627869, 0.11299999803304672, 0.11720000207424164, 0.09769999980926514, 0.1054999977350235, 0.08309999853372574, 0.07900000363588333, 0.0771000012755394, 0.07720000296831131, 0.07909999787807465, 0.08550000190734863, 0.08139999955892563, 0.08229999989271164, 0.07850000262260437, 0.05510000139474869, 0.0406000018119812, 0.030899999663233757, 0.016899999231100082, 0.010700000450015068, 0.007699999958276749, 0.005200000014156103, 0.007600000128149986, 0.01860000006854534, 0.04610000178217888, 0.09989999979734421, 0.11140000075101852, 0.1137000024318695, 0.09459999948740005, 0.10459999740123749, 0.08150000125169754, 0.08290000259876251, 0.07739999890327454, 0.08489999920129776, 0.08489999920129776, 0.07289999723434448, 0.08799999952316284, 0.07680000364780426, 0.08449999988079071, 0.05900000035762787, 0.04960000142455101, 0.0348999984562397, 0.0203000009059906, 0.010499999858438969, 0.0071000000461936, 0.0052999998442828655, 0.008299999870359898, 0.018699999898672104, 0.04830000177025795, 0.10119999945163727, 0.11969999969005585, 0.1598999947309494, 0.1509999930858612, 0.0982000008225441, 0.0934000015258789, 0.07880000025033951, 0.07890000194311142, 0.0877000018954277, 0.08330000191926956, 0.08410000056028366, 0.08479999750852585, 0.09860000014305115, 0.0828000009059906, 0.05979999899864197, 0.05249999836087227, 0.050599999725818634, 0.0203000009059906, 0.013500000350177288, 0.008500000461935997, 0.006899999920278788, 0.010599999688565731, 0.022700000554323196, 0.05040000006556511, 0.09080000221729279, 0.12300000339746475, 0.21279999613761902, 0.20649999380111694, 0.11100000143051147, 0.09000000357627869, 0.08669999986886978, 0.08940000087022781, 0.08370000123977661, 0.0803999975323677, 0.07169999927282333, 0.08100000023841858, 0.09369999915361404, 0.16869999468326569, 0.06509999930858612, 0.05609999969601631, 0.041200000792741776, 0.020600000396370888, 0.01600000075995922, 0.008899999782443047, 0.01269999984651804, 0.012500000186264515, 0.023600000888109207, 0.04989999905228615, 0.08820000290870667, 0.13279999792575836, 0.11909999698400497, 0.10440000146627426, 0.09019999951124191, 0.08410000056028366, 0.08079999685287476, 0.08160000294446945, 0.08900000154972076, 0.08330000191926956, 0.08649999648332596, 0.08209999650716782, 0.0812000036239624, 0.08060000091791153, 0.05590000003576279, 0.054499998688697815, 0.042399998754262924, 0.03189999982714653, 0.021400000900030136, 0.018200000748038292, 0.012600000016391277, 0.009600000455975533, 0.012400000356137753, 0.0215000007301569, 0.03449999913573265, 0.04659999907016754, 0.054099999368190765, 0.06549999862909317, 0.06800000369548798, 0.0738999992609024, 0.07209999859333038, 0.0697999969124794, 0.06639999896287918, 0.07320000231266022, 0.0737999975681305, 0.07599999755620956, 0.0674000009894371, 0.06129999831318855, 0.050999999046325684, 0.052000001072883606, 0.04729999974370003, 0.03139999881386757, 0.025299999862909317, 0.01979999989271164, 0.0, 0.009600000455975533, 0.005499999970197678, 0.007600000128149986, 0.019300000742077827, 0.025200000032782555, 0.026900000870227814, 0.03959999978542328, 0.05530000105500221, 0.06629999727010727, 0.06629999727010727, 0.07129999995231628, 0.0714000016450882, 0.07240000367164612, 0.07090000063180923, 0.059300001710653305, 0.07360000163316727, 0.06509999930858612, 0.06469999998807907, 0.04919999837875366, 0.04039999842643738, 0.027799999341368675, 0.017799999564886093, 0.007499999832361937, 0.005900000222027302, 0.00559999980032444, 0.00930000003427267, 0.01810000091791153, 0.04399999976158142, 0.0982000008225441, 0.1396999955177307, 0.10440000146627426, 0.09440000355243683, 0.09279999881982803, 0.0737999975681305, 0.07100000232458115, 0.06800000369548798, 0.07360000163316727, 0.07180000096559525, 0.08190000057220459, 0.05429999902844429, 0.0478999987244606, 0.048900000751018524, 0.03220000118017197, 0.024900000542402267, 0.01730000041425228, 0.008700000122189522, 0.006300000008195639, 0.0031999999191612005, 0.00430000014603138, 0.012400000356137753, 0.018300000578165054, 0.05299999937415123, 0.09350000321865082, 0.1251000016927719, 0.125900000333786, 0.10239999741315842, 0.09309999644756317, 0.08079999685287476, 0.07159999758005142, 0.08030000329017639, 0.07999999821186066, 0.0820000022649765, 0.08980000019073486, 0.0771000012755394, 0.0722000002861023, 0.07289999723434448, 0.05640000104904175, 0.05180000141263008, 0.033900000154972076, 0.015300000086426735, 0.008500000461935997, 0.00800000037997961, 0.005200000014156103, 0.008700000122189522, 0.021400000900030136, 0.05220000073313713, 0.09229999780654907, 0.16840000450611115, 0.18449999392032623, 0.09700000286102295, 0.09679999947547913, 0.08479999750852585, 0.07760000228881836, 0.07150000333786011, 0.08789999783039093, 0.08079999685287476, 0.08169999718666077, 0.07649999856948853, 0.07639999687671661, 0.07999999821186066, 0.05469999834895134, 0.050700001418590546, 0.03359999880194664, 0.019700000062584877, 0.009499999694526196, 0.005499999970197678, 0.00570000009611249, 0.009600000455975533, 0.021199999377131462, 0.0494999997317791, 0.08640000224113464, 0.11490000039339066, 0.11209999769926071, 0.10400000214576721, 0.09700000286102295, 0.08030000329017639, 0.08290000259876251, 0.08240000158548355, 0.08609999716281891, 0.08799999952316284, 0.08299999684095383, 0.07670000195503235, 0.08060000091791153, 0.07989999651908875, 0.06639999896287918, 0.05050000175833702, 0.03750000149011612, 0.02850000001490116, 0.013500000350177288, 0.009800000116229057, 0.012600000016391277, 0.010099999606609344, 0.020099999383091927, 0.056299999356269836, 0.09319999814033508, 0.12219999730587006, 0.16089999675750732, 0.1023000031709671, 0.09279999881982803, 0.08470000326633453, 0.08060000091791153, 0.08760000020265579, 0.08889999985694885, 0.08370000123977661, 0.08959999680519104, 0.08060000091791153, 0.07609999924898148, 0.07050000131130219, 0.05620000138878822, 0.04800000041723251, 0.0421999990940094, 0.03009999915957451, 0.017999999225139618, 0.012199999764561653, 0.010300000198185444, 0.009200000204145908, 0.01209999993443489, 0.021700000390410423, 0.03189999982714653, 0.05050000175833702, 0.05959999933838844, 0.07329999655485153, 0.06589999794960022, 0.06509999930858612, 0.07620000094175339, 0.07699999958276749, 0.0786999985575676, 0.07490000128746033, 0.08060000091791153, 0.07850000262260437, 0.0689999982714653, 0.05490000173449516, 0.04670000076293945, 0.04470000043511391, 0.040699999779462814, 0.028599999845027924, 0.020500000566244125, 0.01640000008046627, 0.008500000461935997, 0.008799999952316284, 0.007699999958276749, 0.020099999383091927, 0.025699999183416367, 0.027699999511241913, 0.04129999876022339, 0.051100000739097595, 0.06700000166893005, 0.054499998688697815, 0.05900000035762787, 0.07419999688863754, 0.06689999997615814, 0.06920000165700912, 0.07329999655485153, 0.08699999749660492, 0.06809999793767929, 0.03449999913573265, 0.02879999950528145, 0.027899999171495438, 0.019300000742077827, 0.014299999922513962, 0.00839999970048666, 0.00559999980032444, 0.00800000037997961, 0.008200000040233135, 0.020899999886751175, 0.04470000043511391, 0.08869999647140503, 0.11659999936819077, 0.14030000567436218, 0.11050000041723251, 0.09139999747276306, 0.07280000299215317, 0.07429999858140945, 0.07169999927282333, 0.07509999722242355, 0.08630000054836273, 0.08470000326633453, 0.08110000193119049, 0.08340000361204147, 0.07109999656677246, 0.052299998700618744, 0.04039999842643738, 0.03139999881386757, 0.017400000244379044, 0.012500000186264515, 0.005499999970197678, 0.0052999998442828655, 0.007799999788403511, 0.02160000056028366, 0.050200000405311584, 0.09030000120401382, 0.2669000029563904, 0.19009999930858612, 0.14630000293254852, 0.09849999845027924, 0.0828000009059906, 0.07859999686479568, 0.08060000091791153, 0.08550000190734863, 0.08240000158548355, 0.08030000329017639, 0.07699999958276749, 0.06729999929666519, 0.07270000129938126, 0.05829999968409538, 0.05810000002384186, 0.03840000182390213, 0.022700000554323196, 0.012500000186264515, 0.007300000172108412, 0.004699999932199717, 0.011699999682605267, 0.02290000021457672, 0.046799998730421066, 0.093299999833107, 0.09610000252723694, 0.09539999812841415, 0.09359999746084213, 0.09000000357627869, 0.0803999975323677, 0.08470000326633453, 0.08150000125169754, 0.0820000022649765, 0.08990000188350677, 0.08110000193119049, 0.08320000022649765, 0.07639999687671661, 0.08229999989271164, 0.06689999997615814, 0.05389999970793724, 0.03849999979138374, 0.0215000007301569, 0.011500000022351742, 0.007899999618530273, 0.007300000172108412, 0.010400000028312206, 0.021700000390410423, 0.045899998396635056, 0.09160000085830688, 0.10610000044107437, 0.11240000277757645, 0.09960000216960907, 0.0982000008225441, 0.0877000018954277, 0.08330000191926956, 0.08429999649524689, 0.08730000257492065, 0.08619999885559082, 0.08969999849796295, 0.09359999746084213, 0.241799995303154, 0.3149000108242035, 0.06689999997615814, 0.0608999989926815, 0.04039999842643738, 0.020999999716877937, 0.011099999770522118, 0.005799999926239252, 0.006500000134110451, 0.010700000450015068, 0.0203000009059906, 0.04520000144839287, 0.08569999784231186, 0.1151999980211258, 0.11020000278949738, 0.0957999974489212, 0.09059999883174896, 0.08330000191926956, 0.07890000194311142, 0.08079999685287476, 0.0828000009059906, 0.0746999979019165, 0.07959999889135361, 0.07620000094175339, 0.08669999986886978, 0.06870000064373016, 0.051600001752376556, 0.04670000076293945, 0.03750000149011612, 0.02850000001490116, 0.019600000232458115, 0.010599999688565731, 0.006399999838322401, 0.007899999618530273, 0.011099999770522118, 0.021199999377131462, 0.032600000500679016, 0.04610000178217888, 0.05979999899864197, 0.04960000142455101, 0.045499999076128006, 0.04280000180006027, 0.04839999973773956, 0.04529999941587448, 0.047600001096725464, 0.05640000104904175, 0.08299999684095383, 0.0738999992609024, 0.06520000100135803, 0.0575999990105629, 0.053199999034404755, 0.05000000074505806, 0.040300000458955765, 0.02979999966919422, 0.017799999564886093, 0.017000000923871994, 0.01269999984651804, 0.010300000198185444, 0.008100000210106373, 0.0142000000923872, 0.025200000032782555, 0.030700000002980232, 0.04280000180006027, 0.05400000140070915, 0.061500001698732376, 0.07280000299215317, 0.06840000301599503, 0.0737999975681305, 0.07450000196695328, 0.07349999994039536, 0.07559999823570251, 0.07169999927282333, 0.061900001019239426, 0.0568000003695488, 0.04580000042915344, 0.042100001126527786, 0.031300000846385956, 0.019600000232458115, 0.01269999984651804, 0.007499999832361937, 0.006000000052154064, 0.00839999970048666, 0.02199999988079071, 0.05130000039935112, 0.09070000052452087, 0.10599999874830246, 0.10869999974966049, 0.10989999771118164, 0.08910000324249268, 0.07720000296831131, 0.07680000364780426, 0.0746999979019165, 0.08169999718666077, 0.0869000032544136, 0.09030000120401382, 0.07980000227689743, 0.07909999787807465, 0.07119999825954437, 0.055399999022483826, 0.04619999974966049, 0.033799998462200165, 0.016599999740719795, 0.010300000198185444, 0.005200000014156103, 0.005900000222027302, 0.00930000003427267, 0.024399999529123306, 0.04820000007748604, 0.09399999678134918, 0.13169999420642853, 0.17260000109672546, 0.1088000014424324, 0.09790000319480896, 0.07940000295639038, 0.07850000262260437, 0.07699999958276749, 0.08209999650716782, 0.08349999785423279, 0.08089999854564667, 0.08129999786615372, 0.07270000129938126, 0.06530000269412994, 0.05649999901652336, 0.050700001418590546, 0.03500000014901161, 0.018400000408291817, 0.010999999940395355, 0.008899999782443047, 0.00559999980032444, 0.008299999870359898, 0.025599999353289604, 0.0478999987244606, 0.08959999680519104, 0.13760000467300415, 0.08460000157356262, 0.09740000218153, 0.10130000114440918, 0.11020000278949738, 0.08190000057220459, 0.08410000056028366, 0.08889999985694885, 0.0860000029206276, 0.0869000032544136, 0.08070000261068344, 0.07530000060796738, 0.07620000094175339, 0.05990000069141388, 0.0544000007212162, 0.0406000018119812, 0.01850000023841858, 0.010099999606609344, 0.01769999973475933, 0.007899999618530273, 0.008299999870359898, 0.022199999541044235, 0.04529999941587448, 0.08560000360012054, 0.13120000064373016, 0.155799999833107, 0.12999999523162842, 0.09390000253915787, 0.09539999812841415, 0.08009999990463257, 0.07970000058412552, 0.08619999885559082, 0.07609999924898148, 0.08919999748468399, 0.30790001153945923, 0.301800012588501, 0.1501999944448471, 0.0357000008225441, 0.035999998450279236, 0.027400000020861626, 0.01730000041425228, 0.0071000000461936, 0.007699999958276749, 0.00839999970048666, 0.012400000356137753, 0.021400000900030136, 0.053199999034404755, 0.10029999911785126, 0.11829999834299088, 0.1071000024676323, 0.10029999911785126, 0.09430000185966492, 0.10849999636411667, 0.07970000058412552, 0.08110000193119049, 0.08730000257492065, 0.07769999653100967, 0.08919999748468399, 0.07400000095367432, 0.07859999686479568, 0.07540000230073929, 0.06069999933242798, 0.050700001418590546, 0.0414000004529953, 0.026000000536441803, 0.02070000022649765, 0.011099999770522118, 0.009600000455975533, 0.009600000455975533, 0.012299999594688416, 0.03220000118017197, 0.03920000046491623, 0.0551999993622303, 0.06419999897480011, 0.0722000002861023, 0.07859999686479568, 0.0763000026345253, 0.0828000009059906, 0.0803999975323677, 0.07909999787807465, 0.08590000122785568, 0.08169999718666077, 0.08030000329017639, 0.06769999861717224, 0.058400001376867294, 0.04690000042319298, 0.048700001090765, 0.05270000174641609, 0.049300000071525574, 0.020500000566244125, 0.012900000438094139, 0.00860000029206276, 0.008200000040233135, 0.008799999952316284, 0.014999999664723873, 0.017799999564886093, 0.03060000017285347, 0.03909999877214432, 0.05550000071525574, 0.0649000033736229, 0.0731000006198883, 0.07530000060796738, 0.07249999791383743, 0.06729999929666519, 0.07540000230073929, 0.07119999825954437, 0.08370000123977661, 0.06400000303983688, 0.052000001072883606, 0.05270000174641609, 0.03880000114440918, 0.027400000020861626, 0.017500000074505806, 0.007899999618530273, 0.005799999926239252, 0.004900000058114529, 0.01810000091791153, 0.019200000911951065, 0.048700001090765, 0.0877000018954277, 0.11349999904632568, 0.1080000028014183, 0.10010000318288803, 0.08659999817609787, 0.07810000330209732, 0.0738999992609024, 0.07249999791383743, 0.08619999885559082, 0.07919999957084656, 0.08110000193119049, 0.07349999994039536, 0.06830000132322311, 0.05959999933838844, 0.03959999978542328, 0.04190000146627426, 0.031700000166893005, 0.018300000578165054, 0.010099999606609344, 0.005200000014156103, 0.006300000008195639, 0.016200000420212746, 0.021800000220537186, 0.04569999873638153, 0.08900000154972076, 0.11819999665021896, 0.11100000143051147, 0.10100000351667404, 0.08969999849796295, 0.08959999680519104, 0.08709999918937683, 0.07540000230073929, 0.08250000327825546, 0.08169999718666077, 0.09049999713897705, 0.07460000365972519, 0.07440000027418137, 0.06780000030994415, 0.05620000138878822, 0.04859999939799309, 0.03779999911785126, 0.019099999219179153, 0.011599999852478504, 0.009800000116229057, 0.00989999994635582, 0.009800000116229057, 0.019899999722838402, 0.04340000078082085, 0.07840000092983246, 0.10649999976158142, 0.09929999709129333, 0.09799999743700027, 0.09009999781847, 0.08550000190734863, 0.08389999717473984, 0.08320000022649765, 0.0828000009059906, 0.08209999650716782, 0.0737999975681305, 0.06989999860525131, 0.07039999961853027, 0.05860000103712082, 0.04809999838471413, 0.04190000146627426, 0.03709999844431877, 0.025800000876188278, 0.01720000058412552, 0.009600000455975533, 0.010999999940395355, 0.007899999618530273, 0.008799999952316284, 0.011599999852478504, 0.018300000578165054, 0.026000000536441803, 0.026399999856948853, 0.03869999945163727, 0.04349999874830246, 0.04809999838471413, 0.051899999380111694, 0.053700000047683716, 0.05660000070929527, 0.05640000104904175, 0.051100000739097595, 0.045499999076128006, 0.04129999876022339, 0.041999999433755875, 0.04989999905228615, 0.06069999933242798, 0.048900000751018524, 0.02979999966919422, 0.021199999377131462, 0.009600000455975533, 0.009100000374019146, 0.009100000374019146, 0.011099999770522118, 0.015200000256299973, 0.025499999523162842, 0.035999998450279236, 0.048700001090765, 0.05689999833703041, 0.06310000270605087, 0.06769999861717224, 0.06809999793767929, 0.06589999794960022, 0.06539999693632126, 0.0617000013589859, 0.06210000067949295, 0.0575999990105629, 0.0494999997317791, 0.04769999906420708, 0.04910000041127205, 0.041999999433755875, 0.03500000014901161, 0.02630000002682209, 0.019600000232458115, 0.01080000028014183, 0.009800000116229057, 0.006500000134110451, 0.009700000286102295, 0.015300000086426735, 0.018799999728798866, 0.03700000047683716, 0.04320000112056732, 0.05689999833703041, 0.06700000166893005, 0.07039999961853027, 0.07169999927282333, 0.06729999929666519, 0.06499999761581421, 0.06989999860525131, 0.06480000168085098, 0.0674000009894371, 0.05990000069141388, 0.051899999380111694, 0.05999999865889549, 0.06620000302791595, 0.04780000075697899, 0.026100000366568565, 0.0210999995470047, 0.01140000019222498, 0.011599999852478504, 0.007300000172108412, 0.009600000455975533, 0.013799999840557575, 0.01889999955892563, 0.022199999541044235, 0.03660000115633011, 0.05000000074505806, 0.065700002014637, 0.06360000371932983, 0.06650000065565109, 0.07249999791383743, 0.06520000100135803, 0.0738999992609024, 0.07500000298023224, 0.0803999975323677, 0.06459999829530716, 0.05869999900460243, 0.04899999871850014, 0.04639999940991402, 0.030400000512599945, 0.023000000044703484, 0.011099999770522118, 0.008700000122189522, 0.009600000455975533, 0.012199999764561653, 0.02539999969303608, 0.05270000174641609, 0.09210000187158585, 0.11270000040531158, 0.1128000020980835, 0.10930000245571136, 0.09040000289678574, 0.08110000193119049, 0.07660000026226044, 0.07289999723434448, 0.07580000162124634, 0.07689999788999557, 0.08640000224113464, 0.08370000123977661, 0.07890000194311142, 0.07090000063180923, 0.052799999713897705, 0.043299999088048935, 0.027899999171495438, 0.0203000009059906, 0.008500000461935997, 0.00559999980032444, 0.006800000090152025, 0.008700000122189522, 0.02199999988079071, 0.045899998396635056, 0.08540000021457672, 0.11010000109672546, 0.10589999705553055, 0.1046999990940094, 0.0934000015258789, 0.07769999653100967, 0.07429999858140945, 0.0746999979019165, 0.08179999887943268, 0.0722000002861023, 0.0885000005364418, 0.07069999724626541, 0.06989999860525131, 0.06769999861717224, 0.05490000173449516, 0.04479999840259552, 0.02979999966919422, 0.010900000110268593, 0.007000000216066837, 0.004000000189989805, 0.004900000058114529, 0.009999999776482582, 0.01899999938905239, 0.04569999873638153, 0.08579999953508377, 0.13359999656677246, 0.12200000137090683, 0.10589999705553055, 0.09309999644756317, 0.07970000058412552, 0.08079999685287476, 0.07890000194311142, 0.08179999887943268, 0.07980000227689743, 0.0778999999165535, 0.07569999992847443, 0.07959999889135361, 0.07360000163316727, 0.05849999934434891, 0.0478999987244606, 0.030899999663233757, 0.02500000037252903, 0.010400000028312206, 0.006300000008195639, 0.007300000172108412, 0.008500000461935997, 0.021199999377131462, 0.05339999869465828, 0.08860000222921371, 0.1274999976158142, 0.12349999696016312, 0.1023000031709671, 0.08829999715089798, 0.07689999788999557, 0.08129999786615372, 0.07829999923706055, 0.08009999990463257, 0.08020000159740448, 0.09309999644756317, 0.0754999965429306, 0.11949999630451202, 0.04360000044107437, 0.03180000185966492, 0.05050000175833702, 0.0357000008225441, 0.0203000009059906, 0.01140000019222498, 0.007499999832361937, 0.007600000128149986, 0.009399999864399433, 0.01769999973475933, 0.04670000076293945, 0.08709999918937683, 0.1096000000834465, 0.10989999771118164, 0.09319999814033508, 0.0877000018954277, 0.08169999718666077, 0.07599999755620956, 0.0778999999165535, 0.08219999819993973, 0.07720000296831131, 0.07999999821186066, 0.07159999758005142, 0.07159999758005142, 0.06669999659061432, 0.055799998342990875, 0.04619999974966049, 0.03849999979138374, 0.026200000196695328, 0.020099999383091927, 0.01140000019222498, 0.008100000210106373, 0.008299999870359898, 0.010499999858438969, 0.024900000542402267, 0.032499998807907104, 0.05090000107884407, 0.05810000002384186, 0.06539999693632126, 0.06840000301599503, 0.06920000165700912, 0.07500000298023224, 0.07349999994039536, 0.07050000131130219, 0.07620000094175339, 0.07900000363588333, 0.07599999755620956, 0.06620000302791595, 0.057100001722574234, 0.054099999368190765, 0.0551999993622303, 0.048900000751018524, 0.035599999129772186, 0.017500000074505806, 0.010900000110268593, 0.007899999618530273, 0.006000000052154064, 0.007499999832361937, 0.013799999840557575, 0.01850000023841858, 0.025299999862909317, 0.03759999945759773, 0.05090000107884407, 0.060600001364946365, 0.06560000032186508, 0.0689999982714653, 0.07129999995231628, 0.06620000302791595, 0.0722000002861023, 0.07370000332593918, 0.07639999687671661, 0.06340000033378601, 0.0502999983727932, 0.04410000145435333, 0.03790000081062317, 0.025200000032782555, 0.015799999237060547, 0.008799999952316284, 0.006000000052154064, 0.005100000184029341, 0.00839999970048666, 0.020400000736117363, 0.04809999838471413, 0.08749999850988388, 0.1103999987244606, 0.11129999905824661, 0.10400000214576721, 0.08739999681711197, 0.07930000126361847, 0.07460000365972519, 0.07180000096559525, 0.0746999979019165, 0.07720000296831131, 0.07909999787807465, 0.07609999924898148, 0.07119999825954437, 0.06840000301599503, 0.04910000041127205, 0.03830000013113022, 0.02449999935925007, 0.015599999576807022, 0.012299999594688416, 0.006500000134110451, 0.005200000014156103, 0.00800000037997961, 0.018699999898672104, 0.05299999937415123, 0.09480000287294388, 0.11309999972581863, 0.12049999833106995, 0.12890000641345978, 0.09480000287294388, 0.08160000294446945, 0.0763000026345253, 0.0771000012755394, 0.08900000154972076, 0.08169999718666077, 0.08669999986886978, 0.08240000158548355, 0.07639999687671661, 0.0794999971985817, 0.05640000104904175, 0.049400001764297485, 0.03449999913573265, 0.017899999395012856, 0.008700000122189522, 0.00570000009611249, 0.010900000110268593, 0.008200000040233135, 0.021900000050663948, 0.059700001031160355, 0.09019999951124191, 0.12999999523162842, 0.09070000052452087, 0.12460000067949295, 0.09200000017881393, 0.08470000326633453, 0.07959999889135361, 0.07859999686479568, 0.0835999995470047, 0.08229999989271164, 0.08150000125169754, 0.07590000331401825, 0.08070000261068344, 0.08160000294446945, 0.061000000685453415, 0.055399999022483826, 0.03709999844431877, 0.020899999886751175, 0.012799999676644802, 0.006599999964237213, 0.008299999870359898, 0.010599999688565731, 0.02239999920129776, 0.05130000039935112, 0.09290000051259995, 0.13590000569820404, 0.12710000574588776, 0.1023000031709671, 0.09369999915361404, 0.08290000259876251, 0.08320000022649765, 0.08590000122785568, 0.08299999684095383, 0.08259999752044678, 0.0934000015258789, 0.07930000126361847, 0.08030000329017639, 0.07280000299215317, 0.06469999998807907, 0.052000001072883606, 0.04010000079870224, 0.02590000070631504, 0.019300000742077827, 0.009600000455975533, 0.01140000019222498, 0.014299999922513962, 0.024399999529123306, 0.05220000073313713, 0.0877000018954277, 0.14579999446868896, 0.15549999475479126, 0.10019999742507935, 0.10040000081062317, 0.36309999227523804, 0.12890000641345978, 0.08529999852180481, 0.0803999975323677, 0.08470000326633453, 0.0754999965429306, 0.06970000267028809, 0.0843999981880188, 0.07900000363588333, 0.06499999761581421, 0.054999999701976776, 0.04809999838471413, 0.028599999845027924, 0.01889999955892563, 0.014299999922513962, 0.013100000098347664, 0.01119999960064888, 0.012900000438094139, 0.023000000044703484, 0.03799999877810478, 0.05640000104904175, 0.06379999965429306, 0.07129999995231628, 0.07890000194311142, 0.08100000023841858, 0.0771000012755394, 0.07639999687671661, 0.08749999850988388, 0.08810000121593475, 0.09449999779462814, 0.07919999957084656, 0.07999999821186066, 0.06369999796152115, 0.051100000739097595, 0.0568000003695488, 0.050200000405311584, 0.03590000048279762, 0.022600000724196434, 0.01140000019222498, 0.00839999970048666, 0.006500000134110451, 0.008999999612569809, 0.013500000350177288, 0.02160000056028366, 0.033900000154972076, 0.04089999943971634, 0.06080000102519989, 0.07259999960660934, 0.06469999998807907, 0.07090000063180923, 0.06689999997615814, 0.0689999982714653, 0.07490000128746033, 0.06560000032186508, 0.07169999927282333, 0.06599999964237213, 0.04830000177025795, 0.050200000405311584, 0.04179999977350235, 0.023800000548362732, 0.019899999722838402, 0.009100000374019146, 0.0066999997943639755, 0.008200000040233135, 0.016100000590085983, 0.02280000038444996, 0.051899999380111694, 0.09070000052452087, 0.14180000126361847, 0.13490000367164612, 0.10509999841451645, 0.09319999814033508, 0.08320000022649765, 0.08410000056028366, 0.08020000159740448, 0.08070000261068344, 0.08649999648332596, 0.09080000221729279, 0.07890000194311142, 0.07940000295639038, 0.07240000367164612, 0.057100001722574234, 0.04410000145435333, 0.027400000020861626, 0.016599999740719795, 0.009700000286102295, 0.005100000184029341, 0.007000000216066837, 0.010700000450015068, 0.019500000402331352, 0.04960000142455101, 0.09179999679327011, 0.11060000211000443, 0.17260000109672546, 0.10459999740123749, 0.09969999641180038, 0.09009999781847, 0.07989999651908875, 0.07360000163316727, 0.0877000018954277, 0.08669999986886978, 0.08070000261068344, 0.3027999997138977, 0.26109999418258667, 0.06830000132322311, 0.05889999866485596, 0.04800000041723251, 0.038100000470876694, 0.01889999955892563, 0.011699999682605267, 0.013100000098347664, 0.00800000037997961, 0.009700000286102295, 0.02410000003874302, 0.04800000041723251, 0.08889999985694885, 0.11249999701976776, 0.1535000056028366, 0.1031000018119812, 0.09740000218153, 0.09539999812841415, 0.08659999817609787, 0.08569999784231186, 0.09009999781847, 0.08169999718666077, 0.08749999850988388, 0.3122999966144562, 0.10459999740123749, 0.08060000091791153, 0.06210000067949295, 0.05260000005364418, 0.03790000081062317, 0.01769999973475933, 0.01119999960064888, 0.006899999920278788, 0.006599999964237213, 0.010300000198185444, 0.019500000402331352, 0.045499999076128006, 0.08789999783039093, 0.13519999384880066, 0.17599999904632568, 0.15000000596046448, 0.0989999994635582, 0.09130000323057175, 0.08479999750852585, 0.08250000327825546, 0.08309999853372574, 0.0746999979019165, 0.08110000193119049, 0.07169999927282333, 0.0731000006198883, 0.07050000131130219, 0.0568000003695488, 0.051100000739097595, 0.03790000081062317, 0.023000000044703484, 0.013899999670684338, 0.01140000019222498, 0.010599999688565731, 0.010300000198185444, 0.022199999541044235, 0.0494999997317791, 0.09319999814033508, 0.1274999976158142, 0.10480000078678131, 0.10869999974966049, 0.09719999879598618, 0.08730000257492065, 0.0885000005364418, 0.08760000020265579, 0.09179999679327011, 0.08839999884366989, 0.08460000157356262, 0.0812000036239624, 0.08219999819993973, 0.07620000094175339, 0.05739999935030937, 0.053300000727176666, 0.05000000074505806, 0.03819999843835831, 0.023399999365210533, 0.01730000041425228, 0.010400000028312206, 0.009700000286102295, 0.015399999916553497, 0.022099999710917473, 0.030700000002980232, 0.04410000145435333, 0.05860000103712082, 0.06549999862909317, 0.07580000162124634, 0.07559999823570251, 0.07670000195503235, 0.07199999690055847, 0.07989999651908875, 0.0803999975323677, 0.06840000301599503, 0.05429999902844429, 0.04529999941587448, 0.04320000112056732, 0.03689999878406525, 0.035599999129772186, 0.03539999946951866, 0.021900000050663948, 0.0142000000923872, 0.007699999958276749, 0.007300000172108412, 0.00570000009611249, 0.008799999952316284, 0.012400000356137753, 0.0215000007301569, 0.025499999523162842, 0.03700000047683716, 0.04780000075697899, 0.05829999968409538, 0.06400000303983688, 0.06790000200271606, 0.07349999994039536, 0.07029999792575836, 0.07119999825954437, 0.07750000059604645, 0.08410000056028366, 0.06109999865293503, 0.050999999046325684, 0.04969999939203262, 0.04780000075697899, 0.06279999762773514, 0.02250000089406967, 0.01510000042617321, 0.010599999688565731, 0.00839999970048666, 0.009200000204145908, 0.021199999377131462, 0.04830000177025795, 0.08940000087022781, 0.11509999632835388, 0.11479999870061874, 0.11460000276565552, 0.09749999642372131, 0.08129999786615372, 0.08420000225305557, 0.08349999785423279, 0.08470000326633453, 0.07689999788999557, 0.08720000088214874, 0.0706000030040741, 0.07370000332593918, 0.06750000268220901, 0.06379999965429306, 0.04470000043511391, 0.03400000184774399, 0.022199999541044235, 0.012199999764561653, 0.007400000002235174, 0.0071000000461936, 0.009999999776482582, 0.01850000023841858, 0.042100001126527786, 0.0794999971985817, 0.11209999769926071, 0.11079999804496765, 0.1046999990940094, 0.09449999779462814, 0.0877000018954277, 0.07819999754428864, 0.07919999957084656, 0.08110000193119049, 0.07519999891519547, 0.07590000331401825, 0.07429999858140945, 0.06270000338554382, 0.06080000102519989, 0.04839999973773956, 0.040300000458955765, 0.03310000151395798, 0.020899999886751175, 0.013899999670684338, 0.010300000198185444, 0.007000000216066837, 0.013700000010430813, 0.020500000566244125, 0.05260000005364418, 0.0778999999165535, 0.10000000149011612, 0.09390000253915787, 0.09510000050067902, 0.09000000357627869, 0.0835999995470047, 0.09009999781847, 0.08489999920129776, 0.08799999952316284, 0.07699999958276749, 0.07699999958276749, 0.07349999994039536, 0.06639999896287918, 0.06360000371932983, 0.05420000106096268, 0.048900000751018524, 0.04259999841451645, 0.026399999856948853, 0.01269999984651804, 0.008299999870359898, 0.007600000128149986, 0.008999999612569809, 0.01360000018030405, 0.022299999371170998, 0.03889999911189079, 0.050599999725818634, 0.05169999971985817, 0.061799999326467514, 0.06459999829530716, 0.06889999657869339, 0.0681999996304512, 0.06700000166893005, 0.06430000066757202, 0.05999999865889549, 0.056699998676776886, 0.05130000039935112, 0.04659999907016754, 0.03700000047683716, 0.03610000014305115, 0.03620000183582306, 0.03139999881386757, 0.023000000044703484, 0.01720000058412552, 0.011500000022351742, 0.008700000122189522, 0.005900000222027302, 0.005400000140070915, 0.007400000002235174, 0.010300000198185444, 0.013000000268220901, 0.016499999910593033, 0.02539999969303608, 0.031099999323487282, 0.042399998754262924, 0.04360000044107437, 0.04500000178813934, 0.04740000143647194, 0.045899998396635056, 0.04340000078082085, 0.04010000079870224, 0.03610000014305115, 0.03610000014305115, 0.03909999877214432, 0.03909999877214432, 0.03150000050663948, 0.018300000578165054, 0.007799999788403511, 0.003700000001117587, 0.0024999999441206455, 0.003700000001117587, 0.007499999832361937, 0.012400000356137753, 0.01600000075995922, 0.023499999195337296, 0.03269999846816063, 0.043699998408555984, 0.05380000174045563, 0.060100000351667404, 0.06210000067949295, 0.059700001031160355, 0.0608999989926815, 0.05849999934434891, 0.05810000002384186, 0.0568000003695488, 0.05209999904036522, 0.043699998408555984, 0.04270000010728836, 0.039400000125169754, 0.03739999979734421, 0.023000000044703484, 0.01360000018030405, 0.010700000450015068, 0.006200000178068876, 0.007699999958276749, 0.014299999922513962, 0.010200000368058681, 0.015200000256299973, 0.021400000900030136, 0.02759999968111515, 0.04390000179409981, 0.054099999368190765, 0.06239999830722809, 0.06679999828338623, 0.06549999862909317, 0.061500001698732376, 0.06620000302791595, 0.06520000100135803, 0.06019999831914902, 0.05480000004172325, 0.04780000075697899, 0.0502999983727932, 0.042899999767541885, 0.036400001496076584, 0.02419999986886978, 0.013199999928474426, 0.008799999952316284, 0.006899999920278788, 0.009600000455975533, 0.020400000736117363, 0.04129999876022339, 0.0674000009894371, 0.07689999788999557, 0.06970000267028809, 0.0746999979019165, 0.08110000193119049, 0.07970000058412552, 0.07410000264644623, 0.07370000332593918, 0.0746999979019165, 0.07410000264644623, 0.07689999788999557, 0.0689999982714653, 0.0617000013589859, 0.049400001764297485, 0.04410000145435333, 0.04019999876618385, 0.02979999966919422, 0.017799999564886093, 0.00930000003427267, 0.006899999920278788, 0.005799999926239252, 0.00839999970048666, 0.018799999728798866, 0.039000000804662704, 0.07039999961853027, 0.08020000159740448, 0.07410000264644623, 0.08560000360012054, 0.08209999650716782, 0.07720000296831131, 0.07649999856948853, 0.07500000298023224, 0.08079999685287476, 0.07410000264644623, 0.08420000225305557, 0.08529999852180481, 0.07109999656677246, 0.05829999968409538, 0.04639999940991402, 0.044199999421834946, 0.03139999881386757, 0.022099999710917473, 0.016200000420212746, 0.008500000461935997, 0.0071000000461936, 0.012500000186264515, 0.027499999850988388, 0.03970000147819519, 0.06599999964237213, 0.08449999988079071, 0.07959999889135361, 0.07639999687671661, 0.0771000012755394, 0.08290000259876251, 0.08410000056028366, 0.07760000228881836, 0.09130000323057175, 0.08330000191926956, 0.08609999716281891, 0.07699999958276749, 0.08179999887943268, 0.05490000173449516, 0.04839999973773956, 0.048700001090765, 0.03700000047683716, 0.02449999935925007, 0.010700000450015068, 0.006899999920278788, 0.007699999958276749, 0.00839999970048666, 0.013899999670684338, 0.028599999845027924, 0.04490000009536743, 0.05590000003576279, 0.05350000038743019, 0.06210000067949295, 0.06499999761581421, 0.06549999862909317, 0.066600002348423, 0.07190000265836716, 0.07280000299215317, 0.07079999893903732, 0.06589999794960022, 0.05979999899864197, 0.05869999900460243, 0.05260000005364418, 0.04800000041723251, 0.039799999445676804, 0.029899999499320984, 0.018200000748038292, 0.019099999219179153, 0.021299999207258224, 0.01119999960064888, 0.008799999952316284, 0.010599999688565731, 0.02370000071823597, 0.012000000104308128, 0.01489999983459711, 0.020500000566244125, 0.032999999821186066, 0.04100000113248825, 0.04729999974370003, 0.05220000073313713, 0.05640000104904175, 0.05649999901652336, 0.06019999831914902, 0.05510000139474869, 0.050200000405311584, 0.04960000142455101, 0.04010000079870224, 0.039400000125169754, 0.03680000081658363, 0.028999999165534973, 0.01940000057220459, 0.010499999858438969, 0.010700000450015068, 0.00559999980032444, 0.00570000009611249, 0.008500000461935997, 0.01590000092983246, 0.023900000378489494, 0.029100000858306885, 0.04089999943971634, 0.050700001418590546, 0.06620000302791595, 0.06700000166893005, 0.06880000233650208, 0.06549999862909317, 0.0746999979019165, 0.06970000267028809, 0.07159999758005142, 0.06080000102519989, 0.05869999900460243, 0.051899999380111694, 0.050599999725818634, 0.050700001418590546, 0.03970000147819519, 0.02459999918937683, 0.01940000057220459, 0.010599999688565731, 0.007600000128149986, 0.007899999618530273, 0.007799999788403511, 0.01850000023841858, 0.016699999570846558, 0.02290000021457672, 0.03310000151395798, 0.04859999939799309, 0.05420000106096268, 0.05999999865889549, 0.05810000002384186, 0.06419999897480011, 0.06830000132322311, 0.06679999828338623, 0.0729999989271164, 0.07850000262260437, 0.06669999659061432, 0.04859999939799309, 0.05000000074505806, 0.04129999876022339, 0.032999999821186066, 0.017400000244379044, 0.008799999952316284, 0.006800000090152025, 0.012000000104308128, 0.009600000455975533, 0.022299999371170998, 0.049800001084804535, 0.0812000036239624, 0.11010000109672546, 0.10599999874830246, 0.09880000352859497, 0.09130000323057175, 0.07769999653100967, 0.06700000166893005, 0.07670000195503235, 0.07209999859333038, 0.08150000125169754, 0.08669999986886978, 0.08250000327825546, 0.0820000022649765, 0.0729999989271164, 0.051899999380111694, 0.03959999978542328, 0.029100000858306885, 0.018699999898672104, 0.008999999612569809, 0.006399999838322401, 0.00800000037997961, 0.00860000029206276, 0.018799999728798866, 0.0430000014603138, 0.09730000048875809, 0.3492000102996826, 0.3206999897956848, 0.28380000591278076, 0.14380000531673431, 0.0812000036239624, 0.07540000230073929, 0.06920000165700912, 0.07620000094175339, 0.07410000264644623, 0.0786999985575676, 0.07800000160932541, 0.07159999758005142, 0.0640999972820282, 0.04610000178217888, 0.03830000013113022, 0.025299999862909317, 0.014000000432133675, 0.017999999225139618, 0.005499999970197678, 0.007799999788403511, 0.00989999994635582, 0.022199999541044235, 0.05000000074505806, 0.08500000089406967, 0.11810000240802765, 0.19509999454021454, 0.3059000074863434, 0.08889999985694885, 0.0794999971985817, 0.0706000030040741, 0.06729999929666519, 0.07450000196695328, 0.08349999785423279, 0.08510000258684158, 0.08190000057220459, 0.07429999858140945, 0.07360000163316727, 0.05700000002980232, 0.058800000697374344, 0.03519999980926514, 0.019200000911951065, 0.008700000122189522, 0.006099999882280827, 0.006300000008195639, 0.009399999864399433, 0.019899999722838402, 0.04520000144839287, 0.08110000193119049, 0.13210000097751617, 0.11469999700784683, 0.09570000320672989, 0.08540000021457672, 0.07339999824762344, 0.07450000196695328, 0.07129999995231628, 0.08219999819993973, 0.07569999992847443, 0.08190000057220459, 0.08959999680519104, 0.09160000085830688, 0.06629999727010727, 0.05350000038743019, 0.051500000059604645, 0.035999998450279236, 0.01850000023841858, 0.013199999928474426, 0.007000000216066837, 0.005400000140070915, 0.008700000122189522, 0.02250000089406967, 0.04820000007748604, 0.08730000257492065, 0.10620000213384628, 0.11209999769926071, 0.09989999979734421, 0.08739999681711197, 0.07670000195503235, 0.08110000193119049, 0.07840000092983246, 0.08609999716281891, 0.07880000025033951, 0.08470000326633453, 0.08150000125169754, 0.08190000057220459, 0.07450000196695328, 0.05480000004172325, 0.04899999871850014, 0.039500001817941666, 0.023499999195337296, 0.01759999990463257, 0.00860000029206276, 0.007000000216066837, 0.006599999964237213, 0.01140000019222498, 0.02070000022649765, 0.030799999833106995, 0.041600000113248825, 0.05570000037550926, 0.07129999995231628, 0.07159999758005142, 0.0771000012755394, 0.07639999687671661, 0.07779999822378159, 0.07680000364780426, 0.07760000228881836, 0.07609999924898148, 0.07919999957084656, 0.07400000095367432, 0.06419999897480011, 0.0551999993622303, 0.0544000007212162, 0.03669999912381172, 0.02759999968111515, 0.019500000402331352, 0.016599999740719795, 0.007400000002235174, 0.00800000037997961, 0.008799999952316284, 0.014399999752640724, 0.024000000208616257, 0.02539999969303608, 0.0333000011742115, 0.048700001090765, 0.05640000104904175, 0.06650000065565109, 0.06679999828338623, 0.06759999692440033, 0.07010000199079514, 0.06970000267028809, 0.06889999657869339, 0.07079999893903732, 0.05979999899864197, 0.04839999973773956, 0.04989999905228615, 0.0406000018119812, 0.03220000118017197, 0.016300000250339508, 0.008899999782443047, 0.008100000210106373, 0.006200000178068876, 0.007199999876320362, 0.017799999564886093, 0.05050000175833702, 0.08699999749660492, 0.15839999914169312, 0.1306000053882599, 0.1071000024676323, 0.09070000052452087, 0.0714000016450882, 0.07129999995231628, 0.06989999860525131, 0.07980000227689743, 0.07739999890327454, 0.08760000020265579, 0.07500000298023224, 0.08150000125169754, 0.08049999922513962, 0.057500001043081284, 0.0494999997317791, 0.030400000512599945, 0.014800000004470348, 0.009200000204145908, 0.005100000184029341, 0.006800000090152025, 0.007799999788403511, 0.017999999225139618, 0.05169999971985817, 0.09279999881982803, 0.10899999737739563, 0.12359999865293503, 0.09730000048875809, 0.09839999675750732, 0.07729999721050262, 0.07419999688863754, 0.0763000026345253, 0.0835999995470047, 0.08730000257492065, 0.09480000287294388, 0.08619999885559082, 0.09120000153779984, 0.07660000026226044, 0.058400001376867294, 0.052000001072883606, 0.03799999877810478, 0.022600000724196434, 0.008799999952316284, 0.00570000009611249, 0.007600000128149986, 0.008899999782443047, 0.018799999728798866, 0.04600000008940697, 0.08219999819993973, 0.13269999623298645, 0.1964000016450882, 0.10239999741315842, 0.08950000256299973, 0.08139999955892563, 0.07649999856948853, 0.07490000128746033, 0.08079999685287476, 0.07750000059604645, 0.07999999821186066, 0.07410000264644623, 0.07180000096559525, 0.07280000299215317, 0.059700001031160355, 0.0430000014603138, 0.029100000858306885, 0.01600000075995922, 0.011699999682605267, 0.01209999993443489, 0.007499999832361937, 0.010400000028312206, 0.01810000091791153, 0.04670000076293945, 0.08940000087022781, 0.13379999995231628, 0.13539999723434448, 0.1005999967455864, 0.09149999916553497, 0.07729999721050262, 0.0738999992609024, 0.08569999784231186, 0.08900000154972076, 0.09149999916553497, 0.0771000012755394, 0.07000000029802322, 0.07320000231266022, 0.07400000095367432, 0.06830000132322311, 0.052299998700618744, 0.04450000077486038, 0.02290000021457672, 0.016200000420212746, 0.014299999922513962, 0.008999999612569809, 0.011800000444054604, 0.026000000536441803, 0.054499998688697815, 0.09120000153779984, 0.10769999772310257, 0.10159999877214432, 0.09759999811649323, 0.08900000154972076, 0.08720000088214874, 0.07810000330209732, 0.08489999920129776, 0.08020000159740448, 0.08460000157356262, 0.08299999684095383, 0.08139999955892563, 0.08100000023841858, 0.07859999686479568, 0.057500001043081284, 0.05490000173449516, 0.044199999421834946, 0.026399999856948853, 0.01769999973475933, 0.010700000450015068, 0.013799999840557575, 0.008200000040233135, 0.008299999870359898, 0.014499999582767487, 0.02449999935925007, 0.03889999911189079, 0.05079999938607216, 0.0640999972820282, 0.07429999858140945, 0.07289999723434448, 0.07670000195503235, 0.07930000126361847, 0.07569999992847443, 0.07590000331401825, 0.08169999718666077, 0.08219999819993973, 0.07150000333786011, 0.05689999833703041, 0.04529999941587448, 0.05000000074505806, 0.03880000114440918, 0.027499999850988388, 0.013000000268220901, 0.010999999940395355, 0.007600000128149986, 0.00570000009611249, 0.006899999920278788, 0.011099999770522118, 0.01640000008046627, 0.022700000554323196, 0.03099999949336052, 0.042899999767541885, 0.05420000106096268, 0.0575999990105629, 0.06499999761581421, 0.06939999759197235, 0.06710000336170197, 0.06159999966621399, 0.05900000035762787, 0.05889999866485596, 0.048500001430511475, 0.044599998742341995, 0.03880000114440918, 0.034699998795986176, 0.02800000086426735, 0.017100000753998756, 0.013299999758601189, 0.006500000134110451, 0.015399999916553497, 0.007699999958276749, 0.016200000420212746, 0.032999999821186066, 0.06080000102519989, 0.07800000160932541, 0.07460000365972519, 0.0714000016450882, 0.08240000158548355, 0.07720000296831131, 0.0731000006198883, 0.07500000298023224, 0.07280000299215317, 0.0786999985575676, 0.08150000125169754, 0.07339999824762344, 0.07209999859333038, 0.055399999022483826, 0.054499998688697815, 0.044599998742341995, 0.0333000011742115, 0.018799999728798866, 0.007600000128149986, 0.005799999926239252, 0.00570000009611249, 0.008500000461935997, 0.01899999938905239, 0.047200001776218414, 0.08659999817609787, 0.11330000311136246, 0.1177000030875206, 0.10899999737739563, 0.09449999779462814, 0.0738999992609024, 0.0608999989926815, 0.06729999929666519, 0.07419999688863754, 0.0731000006198883, 0.0754999965429306, 0.07639999687671661, 0.07400000095367432, 0.0722000002861023, 0.05139999836683273, 0.04360000044107437, 0.026799999177455902, 0.016300000250339508, 0.01209999993443489, 0.008299999870359898, 0.005900000222027302, 0.007400000002235174, 0.01899999938905239, 0.04969999939203262, 0.08619999885559082, 0.13519999384880066, 0.13510000705718994, 0.09989999979734421, 0.0843999981880188, 0.0803999975323677, 0.07909999787807465, 0.07509999722242355, 0.08259999752044678, 0.08009999990463257, 0.08370000123977661, 0.07729999721050262, 0.06889999657869339, 0.06449999660253525, 0.050999999046325684, 0.048900000751018524, 0.03420000150799751, 0.0203000009059906, 0.011099999770522118, 0.009100000374019146, 0.006399999838322401, 0.009700000286102295, 0.01730000041425228, 0.03920000046491623, 0.06960000097751617, 0.10289999842643738, 0.09709999710321426, 0.08380000293254852, 0.07980000227689743, 0.0723000019788742, 0.0722000002861023, 0.0754999965429306, 0.08049999922513962, 0.0803999975323677, 0.07419999688863754, 0.06599999964237213, 0.07450000196695328, 0.07660000026226044, 0.06289999932050705, 0.05209999904036522, 0.03530000150203705, 0.01850000023841858, 0.010400000028312206, 0.00839999970048666, 0.00570000009611249, 0.011599999852478504, 0.035599999129772186, 0.05260000005364418, 0.0877000018954277, 0.13539999723434448, 0.17900000512599945, 0.11020000278949738, 0.08330000191926956, 0.08240000158548355, 0.09529999643564224, 0.08179999887943268, 0.0763000026345253, 0.11079999804496765, 0.08609999716281891, 0.0763000026345253, 0.07959999889135361, 0.07410000264644623, 0.05570000037550926, 0.05779999867081642, 0.040699999779462814, 0.02419999986886978, 0.014700000174343586, 0.01119999960064888, 0.009800000116229057, 0.009499999694526196, 0.012799999676644802, 0.01759999990463257, 0.0272000003606081, 0.04100000113248825, 0.05460000038146973, 0.06560000032186508, 0.06870000064373016, 0.07559999823570251, 0.07800000160932541, 0.07580000162124634, 0.08030000329017639, 0.07450000196695328, 0.07819999754428864, 0.06970000267028809, 0.06539999693632126, 0.048900000751018524, 0.04340000078082085, 0.042100001126527786, 0.037700001150369644, 0.022700000554323196, 0.0203000009059906, 0.009499999694526196, 0.009999999776482582, 0.007000000216066837, 0.006899999920278788, 0.012400000356137753, 0.028999999165534973, 0.02759999968111515, 0.03590000048279762, 0.052000001072883606, 0.06019999831914902, 0.062199998646974564, 0.06859999895095825, 0.07129999995231628, 0.06729999929666519, 0.06650000065565109, 0.06840000301599503, 0.07829999923706055, 0.06840000301599503, 0.052799999713897705, 0.04619999974966049, 0.05570000037550926, 0.03869999945163727, 0.0203000009059906, 0.007499999832361937, 0.008899999782443047, 0.005799999926239252, 0.005900000222027302, 0.012600000016391277, 0.029400000348687172, 0.07980000227689743, 0.1128000020980835, 0.11840000003576279, 0.1111999973654747, 0.0835999995470047, 0.07360000163316727, 0.06800000369548798, 0.06840000301599503, 0.07429999858140945, 0.07249999791383743, 0.07530000060796738, 0.07079999893903732, 0.0746999979019165, 0.06620000302791595, 0.04610000178217888, 0.03799999877810478, 0.02500000037252903, 0.01769999973475933, 0.007400000002235174, 0.006300000008195639, 0.00559999980032444, 0.008100000210106373, 0.017500000074505806, 0.04540000110864639, 0.08659999817609787, 0.11240000277757645, 0.10429999977350235, 0.10740000009536743, 0.08370000123977661, 0.08229999989271164, 0.07500000298023224, 0.0835999995470047, 0.0778999999165535, 0.0706000030040741, 0.07890000194311142, 0.06949999928474426, 0.07010000199079514, 0.0681999996304512, 0.05380000174045563, 0.04610000178217888, 0.031700000166893005, 0.019200000911951065, 0.00839999970048666, 0.0066999997943639755, 0.006200000178068876, 0.008200000040233135, 0.01889999955892563, 0.04450000077486038, 0.08309999853372574, 0.11349999904632568, 0.12950000166893005, 0.1453000009059906, 0.09449999779462814, 0.08349999785423279, 0.07769999653100967, 0.07349999994039536, 0.08389999717473984, 0.07020000368356705, 0.07450000196695328, 0.05820000171661377, 0.06129999831318855, 0.06459999829530716, 0.05480000004172325, 0.04450000077486038, 0.031599998474121094, 0.015799999237060547, 0.009700000286102295, 0.006899999920278788, 0.009499999694526196, 0.023499999195337296, 0.02199999988079071, 0.05000000074505806, 0.09290000051259995, 0.1436000019311905, 0.17329999804496765, 0.18930000066757202, 0.09669999778270721, 0.08429999649524689, 0.07739999890327454, 0.08219999819993973, 0.08540000021457672, 0.08479999750852585, 0.08699999749660492, 0.0729999989271164, 0.07940000295639038, 0.07320000231266022, 0.06319999694824219, 0.05490000173449516, 0.0333000011742115, 0.017999999225139618, 0.013899999670684338, 0.00860000029206276, 0.009200000204145908, 0.010200000368058681, 0.01889999955892563, 0.0551999993622303, 0.08889999985694885, 0.12049999833106995, 0.12049999833106995, 0.10289999842643738, 0.08730000257492065, 0.0786999985575676, 0.08720000088214874, 0.07989999651908875, 0.08309999853372574, 0.07639999687671661, 0.07930000126361847, 0.08229999989271164, 0.0803999975323677, 0.07440000027418137, 0.05869999900460243, 0.05570000037550926, 0.041600000113248825, 0.02969999983906746, 0.01600000075995922, 0.011900000274181366, 0.010200000368058681, 0.008700000122189522, 0.014999999664723873, 0.02459999918937683, 0.03350000083446503, 0.04580000042915344, 0.06629999727010727, 0.0746999979019165, 0.07259999960660934, 0.06129999831318855, 0.08780000358819962, 0.07729999721050262, 0.07800000160932541, 0.08330000191926956, 0.08299999684095383, 0.08869999647140503, 0.07090000063180923, 0.05290000140666962, 0.05380000174045563, 0.04639999940991402, 0.04309999942779541, 0.026799999177455902, 0.016599999740719795, 0.009399999864399433, 0.01730000041425228, 0.006099999882280827, 0.00800000037997961, 0.013399999588727951, 0.02500000037252903, 0.02410000003874302, 0.03759999945759773, 0.05869999900460243, 0.0640999972820282, 0.0689999982714653, 0.07660000026226044, 0.07580000162124634, 0.07540000230073929, 0.0722000002861023, 0.07190000265836716, 0.06849999725818634, 0.06469999998807907, 0.05810000002384186, 0.04500000178813934, 0.04100000113248825, 0.02710000053048134, 0.017000000923871994, 0.00839999970048666, 0.006200000178068876, 0.004399999976158142, 0.007000000216066837, 0.01759999990463257, 0.039900001138448715, 0.07289999723434448, 0.1111999973654747, 0.1753000020980835, 0.13040000200271606, 0.07779999822378159, 0.07109999656677246, 0.06350000202655792, 0.06080000102519989, 0.07490000128746033, 0.0697999969124794, 0.05900000035762787, 0.07590000331401825, 0.0778999999165535, 0.0706000030040741, 0.04899999871850014, 0.038600001484155655, 0.025100000202655792, 0.013000000268220901, 0.007000000216066837, 0.008899999782443047, 0.007499999832361937, 0.007499999832361937, 0.017999999225139618, 0.04879999905824661, 0.08990000188350677, 0.14509999752044678, 0.1551000028848648, 0.10029999911785126, 0.09200000017881393, 0.08370000123977661, 0.07270000129938126, 0.07339999824762344, 0.08489999920129776, 0.08460000157356262, 0.010300000198185444, 0.0, 0.0, 0.0, 0.0, 0.0, 0.0, 0.0, 0.0, 0.0, 0.0, 0.0, 0.0, 0.0, 0.0, 0.039799999445676804, 0.11429999768733978, 0.10429999977350235, 0.0925000011920929, 0.08150000125169754, 0.08129999786615372, 0.0794999971985817, 0.09109999984502792, 0.08760000020265579, 0.08129999786615372, 0.07769999653100967, 0.07940000295639038, 0.07069999724626541, 0.061900001019239426, 0.04749999940395355, 0.035599999129772186, 0.01600000075995922, 0.010400000028312206, 0.005499999970197678, 0.00559999980032444, 0.012199999764561653, 0.025599999353289604, 0.05040000006556511, 0.1476999968290329, 0.23170000314712524, 0.17509999871253967, 0.12970000505447388, 0.09300000220537186, 0.08609999716281891, 0.08489999920129776, 0.08410000056028366, 0.08879999816417694, 0.08229999989271164, 0.07999999821186066, 0.07959999889135361, 0.08030000329017639, 0.08100000023841858, 0.06379999965429306, 0.052299998700618744, 0.03519999980926514, 0.019099999219179153, 0.010099999606609344, 0.006500000134110451, 0.017500000074505806, 0.010900000110268593, 0.019500000402331352, 0.04039999842643738, 0.08550000190734863, 0.11949999630451202, 0.11460000276565552, 0.10440000146627426, 0.09279999881982803, 0.08760000020265579, 0.0851999968290329, 0.0860000029206276, 0.08370000123977661, 0.07649999856948853, 0.07919999957084656, 0.0803999975323677, 0.07840000092983246, 0.07639999687671661, 0.05939999967813492, 0.05079999938607216, 0.03739999979734421, 0.027899999171495438, 0.018400000408291817, 0.011900000274181366, 0.00989999994635582, 0.009200000204145908, 0.010700000450015068, 0.026100000366568565, 0.031700000166893005, 0.0414000004529953, 0.05590000003576279, 0.0697999969124794, 0.07029999792575836, 0.07750000059604645, 0.07649999856948853, 0.08389999717473984, 0.08049999922513962, 0.0868000015616417, 0.08160000294446945, 0.0658000037074089, 0.06700000166893005, 0.05310000106692314, 0.052000001072883606, 0.0494999997317791, 0.040300000458955765, 0.03310000151395798, 0.014999999664723873, 0.009499999694526196, 0.007199999876320362, 0.007899999618530273, 0.008799999952316284, 0.010700000450015068, 0.014999999664723873, 0.023099999874830246, 0.029100000858306885, 0.0421999990940094, 0.04650000110268593, 0.053199999034404755, 0.05389999970793724, 0.05570000037550926, 0.05779999867081642, 0.05209999904036522, 0.03759999945759773, 0.03610000014305115, 0.03889999911189079, 0.048700001090765, 0.07360000163316727, 0.06710000336170197, 0.030500000342726707, 0.013500000350177288, 0.010099999606609344, 0.006599999964237213, 0.005799999926239252, 0.013000000268220901, 0.0203000009059906, 0.05209999904036522, 0.09019999951124191, 0.1965000033378601, 0.2888000011444092, 0.24609999358654022, 0.11590000241994858, 0.08529999852180481, 0.08410000056028366, 0.07460000365972519, 0.07999999821186066, 0.08349999785423279, 0.08460000157356262, 0.07970000058412552, 0.08179999887943268, 0.07569999992847443, 0.0502999983727932, 0.045899998396635056, 0.03700000047683716, 0.019200000911951065, 0.00860000029206276, 0.0052999998442828655, 0.006200000178068876, 0.009800000116229057, 0.0203000009059906, 0.0430000014603138, 0.08389999717473984, 0.13729999959468842, 0.12470000237226486, 0.11169999837875366, 0.1054999977350235, 0.08330000191926956, 0.07909999787807465, 0.07320000231266022, 0.08100000023841858, 0.07559999823570251, 0.07850000262260437, 0.07419999688863754, 0.07209999859333038, 0.07199999690055847, 0.05169999971985817, 0.04309999942779541, 0.0272000003606081, 0.021299999207258224, 0.008799999952316284, 0.005499999970197678, 0.009200000204145908, 0.00839999970048666, 0.018699999898672104, 0.04610000178217888, 0.09139999747276306, 0.14069999754428864, 0.13130000233650208, 0.0982000008225441, 0.09480000287294388, 0.08169999718666077, 0.08349999785423279, 0.08209999650716782, 0.08020000159740448, 0.07959999889135361, 0.07900000363588333, 0.07010000199079514, 0.07699999958276749, 0.07419999688863754, 0.057500001043081284, 0.04969999939203262, 0.024800000712275505, 0.01850000023841858, 0.009700000286102295, 0.005799999926239252, 0.0071000000461936, 0.008500000461935997, 0.02019999921321869, 0.04780000075697899, 0.08889999985694885, 0.11299999803304672, 0.12240000069141388, 0.10750000178813934, 0.08739999681711197, 0.08229999989271164, 0.08309999853372574, 0.07980000227689743, 0.08229999989271164, 0.07699999958276749, 0.08330000191926956, 0.060499999672174454, 0.0851999968290329, 0.08219999819993973, 0.06650000065565109, 0.055399999022483826, 0.03449999913573265, 0.022600000724196434, 0.013799999840557575, 0.008899999782443047, 0.00839999970048666, 0.008100000210106373, 0.022199999541044235, 0.039900001138448715, 0.0771000012755394, 0.10000000149011612, 0.08649999648332596, 0.08619999885559082, 0.08649999648332596, 0.07240000367164612, 0.07779999822378159, 0.07289999723434448, 0.07720000296831131, 0.07419999688863754, 0.06780000030994415, 0.06689999997615814, 0.07569999992847443, 0.08150000125169754, 0.058800000697374344, 0.05649999901652336, 0.041600000113248825, 0.030300000682473183, 0.018400000408291817, 0.012000000104308128, 0.007799999788403511, 0.00989999994635582, 0.01080000028014183, 0.019700000062584877, 0.03240000084042549, 0.0478999987244606, 0.06480000168085098, 0.07020000368356705, 0.07450000196695328, 0.07270000129938126, 0.06289999932050705, 0.07739999890327454, 0.07999999821186066, 0.07419999688863754, 0.07819999754428864, 0.07729999721050262, 0.0697999969124794, 0.05339999869465828, 0.050599999725818634, 0.04619999974966049, 0.039400000125169754, 0.026799999177455902, 0.018300000578165054, 0.00930000003427267, 0.012799999676644802, 0.006200000178068876, 0.007499999832361937, 0.01269999984651804, 0.026799999177455902, 0.025299999862909317, 0.03530000150203705, 0.05270000174641609, 0.05950000137090683, 0.06379999965429306, 0.06849999725818634, 0.07029999792575836, 0.06960000097751617, 0.065700002014637, 0.06440000236034393, 0.0681999996304512, 0.06199999898672104, 0.057999998331069946, 0.047200001776218414, 0.05040000006556511, 0.033399999141693115, 0.019999999552965164, 0.009999999776482582, 0.006200000178068876, 0.010099999606609344, 0.008899999782443047, 0.017000000923871994, 0.04039999842643738, 0.07940000295639038, 0.12139999866485596, 0.15780000388622284, 0.12549999356269836, 0.0917000025510788, 0.07859999686479568, 0.07559999823570251, 0.0722000002861023, 0.07590000331401825, 0.08030000329017639, 0.08070000261068344, 0.07750000059604645, 0.07959999889135361, 0.07010000199079514, 0.05400000140070915, 0.04560000076889992, 0.03500000014901161, 0.01730000041425228, 0.007699999958276749, 0.007199999876320362, 0.006899999920278788, 0.007300000172108412, 0.018400000408291817, 0.05009999871253967, 0.09030000120401382, 0.13289999961853027, 0.13289999961853027, 0.10339999943971634, 0.09269999712705612, 0.08219999819993973, 0.07289999723434448, 0.07289999723434448, 0.08229999989271164, 0.08349999785423279, 0.058800000697374344, 0.053300000727176666, 0.05180000141263008, 0.05180000141263008, 0.03779999911785126, 0.03229999914765358, 0.019500000402331352, 0.01119999960064888, 0.011800000444054604, 0.008500000461935997, 0.006899999920278788, 0.008200000040233135, 0.0215000007301569, 0.04820000007748604, 0.07810000330209732, 0.16210000216960907, 0.13279999792575836, 0.10360000282526016, 0.09780000150203705, 0.08020000159740448, 0.07999999821186066, 0.07919999957084656, 0.08739999681711197, 0.0835999995470047, 0.0851999968290329, 0.07519999891519547, 0.0731000006198883, 0.07980000227689743, 0.06449999660253525, 0.05790000036358833, 0.032499998807907104, 0.01600000075995922, 0.011699999682605267, 0.00559999980032444, 0.010200000368058681, 0.009800000116229057, 0.024800000712275505, 0.04500000178813934, 0.09610000252723694, 0.14100000262260437, 0.16419999301433563, 0.10180000215768814, 0.10360000282526016, 0.08510000258684158, 0.08190000057220459, 0.08209999650716782, 0.08569999784231186, 0.07959999889135361, 0.08429999649524689, 0.07909999787807465, 0.07419999688863754, 0.07559999823570251, 0.06120000034570694, 0.04969999939203262, 0.0348999984562397, 0.01730000041425228, 0.013100000098347664, 0.017100000753998756, 0.006399999838322401, 0.011599999852478504, 0.02160000056028366, 0.048500001430511475, 0.08569999784231186, 0.16609999537467957, 0.18880000710487366, 0.1023000031709671, 0.26429998874664307, 0.08089999854564667, 0.07559999823570251, 0.08720000088214874, 0.0885000005364418, 0.08340000361204147, 0.0803999975323677, 0.07660000026226044, 0.07320000231266022, 0.06650000065565109, 0.05889999866485596, 0.04690000042319298, 0.042100001126527786, 0.03680000081658363, 0.01889999955892563, 0.01140000019222498, 0.009200000204145908, 0.008999999612569809, 0.00989999994635582, 0.02319999970495701, 0.029400000348687172, 0.044599998742341995, 0.059300001710653305, 0.06960000097751617, 0.07750000059604645, 0.07479999959468842, 0.08699999749660492, 0.08219999819993973, 0.07890000194311142, 0.08340000361204147, 0.0885000005364418, 0.07930000126361847, 0.07680000364780426, 0.06239999830722809, 0.0551999993622303, 0.05700000002980232, 0.044599998742341995, 0.02930000051856041, 0.0215000007301569, 0.01119999960064888, 0.009499999694526196, 0.0071000000461936, 0.007799999788403511, 0.014999999664723873, 0.025299999862909317, 0.025499999523162842, 0.04039999842643738, 0.05299999937415123, 0.06549999862909317, 0.06589999794960022, 0.0763000026345253, 0.06719999760389328, 0.07029999792575836, 0.07519999891519547, 0.06930000334978104, 0.07729999721050262, 0.0640999972820282, 0.0560000017285347, 0.05079999938607216, 0.04639999940991402, 0.02850000001490116, 0.01720000058412552, 0.008700000122189522, 0.010999999940395355, 0.005100000184029341, 0.021299999207258224, 0.0215000007301569, 0.05000000074505806, 0.08460000157356262, 0.1396999955177307, 0.16930000483989716, 0.09740000218153, 0.09269999712705612, 0.07209999859333038, 0.07569999992847443, 0.0731000006198883, 0.0794999971985817, 0.0820000022649765, 0.08190000057220459, 0.06469999998807907, 0.0674000009894371, 0.0658000037074089, 0.05290000140666962, 0.04650000110268593, 0.03060000017285347, 0.022700000554323196, 0.00800000037997961, 0.00570000009611249, 0.00559999980032444, 0.008999999612569809, 0.01899999938905239, 0.04520000144839287, 0.09000000357627869, 0.12880000472068787, 0.17720000445842743, 0.10649999976158142, 0.09749999642372131, 0.08290000259876251, 0.08070000261068344, 0.07800000160932541, 0.08020000159740448, 0.08470000326633453, 0.08429999649524689, 0.07940000295639038, 0.0754999965429306, 0.07270000129938126, 0.062300000339746475, 0.04839999973773956, 0.032499998807907104, 0.019099999219179153, 0.011900000274181366, 0.00989999994635582, 0.010200000368058681, 0.009399999864399433, 0.021700000390410423, 0.05490000173449516, 0.08780000358819962, 0.14810000360012054, 0.18250000476837158, 0.15160000324249268, 0.1023000031709671, 0.0851999968290329, 0.0771000012755394, 0.07410000264644623, 0.09430000185966492, 0.08070000261068344, 0.07810000330209732, 0.07490000128746033, 0.07569999992847443, 0.07959999889135361, 0.06599999964237213, 0.05469999834895134, 0.03240000084042549, 0.02070000022649765, 0.010400000028312206, 0.007199999876320362, 0.0071000000461936, 0.010499999858438969, 0.018799999728798866, 0.04659999907016754, 0.08340000361204147, 0.11559999734163284, 0.21559999883174896, 0.1137000024318695, 0.08659999817609787, 0.07940000295639038, 0.08460000157356262, 0.07859999686479568, 0.08309999853372574, 0.07609999924898148, 0.0737999975681305, 0.07010000199079514, 0.07410000264644623, 0.07930000126361847, 0.057999998331069946, 0.04989999905228615, 0.03280000016093254, 0.017500000074505806, 0.009800000116229057, 0.006800000090152025, 0.0066999997943639755, 0.011099999770522118, 0.020999999716877937, 0.04259999841451645, 0.0794999971985817, 0.10729999840259552, 0.1071000024676323, 0.0934000015258789, 0.08640000224113464, 0.08550000190734863, 0.07980000227689743, 0.06650000065565109, 0.08969999849796295, 0.07519999891519547, 0.08089999854564667, 0.08100000023841858, 0.0771000012755394, 0.0681999996304512, 0.051600001752376556, 0.0471000000834465, 0.03819999843835831, 0.023800000548362732, 0.016499999910593033, 0.008999999612569809, 0.012900000438094139, 0.007400000002235174, 0.010300000198185444, 0.020099999383091927, 0.03099999949336052, 0.04560000076889992, 0.061000000685453415, 0.05550000071525574, 0.051500000059604645, 0.07339999824762344, 0.0778999999165535, 0.07680000364780426, 0.07760000228881836, 0.08060000091791153, 0.07970000058412552, 0.0763000026345253, 0.07100000232458115, 0.05510000139474869, 0.052799999713897705, 0.04919999837875366, 0.03970000147819519, 0.027499999850988388, 0.01889999955892563, 0.010200000368058681, 0.012500000186264515, 0.005900000222027302, 0.007699999958276749, 0.012900000438094139, 0.023800000548362732, 0.024000000208616257, 0.03669999912381172, 0.05490000173449516, 0.061799999326467514, 0.0649000033736229, 0.07329999655485153, 0.066600002348423, 0.06989999860525131, 0.0706000030040741, 0.06589999794960022, 0.0681999996304512, 0.05979999899864197, 0.05689999833703041, 0.0551999993622303, 0.04529999941587448, 0.035599999129772186, 0.01679999940097332, 0.010900000110268593, 0.008799999952316284, 0.004699999932199717, 0.00839999970048666, 0.03319999948143959, 0.047600001096725464, 0.09179999679327011, 0.10589999705553055, 0.1111999973654747, 0.09730000048875809, 0.1006999984383583, 0.07970000058412552, 0.07739999890327454, 0.08160000294446945, 0.08370000123977661, 0.08110000193119049, 0.07769999653100967, 0.08749999850988388, 0.07609999924898148, 0.06989999860525131, 0.05130000039935112, 0.04500000178813934, 0.033799998462200165, 0.019700000062584877, 0.007499999832361937, 0.005799999926239252, 0.006399999838322401, 0.00839999970048666, 0.018200000748038292, 0.04610000178217888, 0.08370000123977661, 0.11819999665021896, 0.1193000003695488, 0.10360000282526016, 0.09690000116825104, 0.08259999752044678, 0.07509999722242355, 0.07519999891519547, 0.07859999686479568, 0.07840000092983246, 0.1477999985218048, 0.07020000368356705, 0.06800000369548798, 0.05609999969601631, 0.05169999971985817, 0.04280000180006027, 0.027400000020861626, 0.01510000042617321, 0.007799999788403511, 0.007699999958276749, 0.007000000216066837, 0.01119999960064888, 0.01769999973475933, 0.043699998408555984, 0.08309999853372574, 0.10540000349283218, 0.13519999384880066, 0.09650000184774399, 0.09570000320672989, 0.08489999920129776, 0.060600001364946365, 0.06120000034570694, 0.08089999854564667, 0.07259999960660934, 0.07680000364780426, 0.0729999989271164, 0.07410000264644623, 0.06710000336170197, 0.05490000173449516, 0.04470000043511391, 0.027799999341368675, 0.013500000350177288, 0.014499999582767487, 0.008299999870359898, 0.004999999888241291, 0.010900000110268593, 0.017999999225139618, 0.04650000110268593, 0.08500000089406967, 0.12449999898672104, 0.10890000313520432, 0.10000000149011612, 0.08789999783039093, 0.08100000023841858, 0.07900000363588333, 0.08259999752044678, 0.08410000056028366, 0.08540000021457672, 0.0925000011920929, 0.027499999850988388, 0.07190000265836716, 0.03759999945759773, 0.05559999868273735, 0.05040000006556511, 0.03550000116229057, 0.020400000736117363, 0.014999999664723873, 0.009200000204145908, 0.005799999926239252, 0.01360000018030405, 0.01979999989271164, 0.04540000110864639, 0.07750000059604645, 0.11379999667406082, 0.07180000096559525, 0.09640000015497208, 0.08889999985694885, 0.07890000194311142, 0.0778999999165535, 0.0820000022649765, 0.07959999889135361, 0.07450000196695328, 0.08550000190734863, 0.06939999759197235, 0.08179999887943268, 0.06120000034570694, 0.05700000002980232, 0.05079999938607216, 0.03700000047683716, 0.025299999862909317, 0.021700000390410423, 0.023900000378489494, 0.011900000274181366, 0.008299999870359898, 0.009700000286102295, 0.023399999365210533, 0.029899999499320984, 0.05169999971985817, 0.053199999034404755, 0.06800000369548798, 0.07039999961853027, 0.08160000294446945, 0.07800000160932541, 0.07599999755620956, 0.07769999653100967, 0.07159999758005142, 0.05139999836683273, 0.07199999690055847, 0.06939999759197235, 0.05130000039935112, 0.054099999368190765, 0.04569999873638153, 0.050200000405311584, 0.025800000876188278, 0.01850000023841858, 0.01209999993443489, 0.00930000003427267, 0.00860000029206276, 0.008899999782443047, 0.010700000450015068, 0.018699999898672104, 0.02539999969303608, 0.03830000013113022, 0.05429999902844429, 0.05889999866485596, 0.07500000298023224, 0.07240000367164612, 0.07329999655485153, 0.06960000097751617, 0.07169999927282333, 0.0729999989271164, 0.05000000074505806, 0.03750000149011612, 0.05260000005364418, 0.05180000141263008, 0.042100001126527786, 0.03020000085234642, 0.019099999219179153, 0.008200000040233135, 0.007300000172108412, 0.004600000102072954, 0.008999999612569809, 0.019099999219179153, 0.04490000009536743, 0.06530000269412994, 0.004999999888241291, 0.01600000075995922, 0.07779999822378159, 0.08869999647140503, 0.023800000548362732, 0.06859999895095825, 0.07270000129938126, 0.07959999889135361, 0.07039999961853027, 0.07100000232458115, 0.07609999924898148, 0.07739999890327454, 0.07020000368356705, 0.048500001430511475, 0.041099999099969864, 0.030500000342726707, 0.014700000174343586, 0.007799999788403511, 0.007899999618530273, 0.006800000090152025, 0.009200000204145908, 0.018799999728798866, 0.042100001126527786, 0.09220000356435776, 0.1145000010728836, 0.11620000004768372, 0.12430000305175781, 0.09459999948740005, 0.0843999981880188, 0.07519999891519547, 0.014299999922513962, 0.05400000140070915, 0.08649999648332596, 0.07840000092983246, 0.07180000096559525, 0.05040000006556511, 0.05469999834895134, 0.05829999968409538, 0.05119999870657921, 0.027899999171495438, 0.017799999564886093, 0.010200000368058681, 0.004999999888241291, 0.005900000222027302, 0.01080000028014183, 0.023900000378489494, 0.04800000041723251, 0.07800000160932541, 0.11890000104904175, 0.12380000203847885, 0.1031000018119812, 0.09969999641180038, 0.08100000023841858, 0.07429999858140945, 0.07620000094175339, 0.0778999999165535, 0.09160000085830688, 0.08780000358819962, 0.07720000296831131, 0.03240000084042549, 0.007799999788403511, 0.013199999928474426, 0.04989999905228615, 0.03220000118017197, 0.015699999406933784, 0.007799999788403511, 0.00559999980032444, 0.005900000222027302, 0.009499999694526196, 0.018400000408291817, 0.0414000004529953, 0.07649999856948853, 0.10660000145435333, 0.11869999766349792, 0.09690000116825104, 0.10109999775886536, 0.0771000012755394, 0.07429999858140945, 0.0737999975681305, 0.08129999786615372, 0.07519999891519547, 0.07779999822378159, 0.09229999780654907, 0.06790000200271606, 0.09149999916553497, 0.06499999761581421, 0.04569999873638153, 0.031099999323487282, 0.016599999740719795, 0.011699999682605267, 0.008200000040233135, 0.008700000122189522, 0.009100000374019146, 0.01889999955892563, 0.04490000009536743, 0.08630000054836273, 0.15970000624656677, 0.15109999477863312, 0.09809999912977219, 0.08500000089406967, 0.0860000029206276, 0.04439999908208847, 0.008100000210106373, 0.03180000185966492, 0.08900000154972076, 0.08579999953508377, 0.08190000057220459, 0.09179999679327011, 0.07259999960660934, 0.053599998354911804, 0.048900000751018524, 0.039799999445676804, 0.027499999850988388, 0.01899999938905239, 0.011500000022351742, 0.010900000110268593, 0.009600000455975533, 0.01899999938905239, 0.021400000900030136, 0.029500000178813934, 0.04450000077486038, 0.03519999980926514, 0.004399999976158142, 0.034699998795986176, 0.07450000196695328, 0.07500000298023224, 0.07590000331401825, 0.07530000060796738, 0.07729999721050262, 0.0731000006198883, 0.06830000132322311, 0.03869999945163727, 0.0364999994635582, 0.05209999904036522, 0.0560000017285347, 0.045499999076128006, 0.028300000354647636, 0.018300000578165054, 0.010400000028312206, 0.008700000122189522, 0.010099999606609344, 0.010999999940395355, 0.013799999840557575, 0.015399999916553497, 0.03220000118017197, 0.04349999874830246, 0.04839999973773956, 0.06499999761581421, 0.07649999856948853, 0.06700000166893005, 0.06589999794960022, 0.07680000364780426, 0.06889999657869339, 0.06289999932050705, 0.05959999933838844, 0.06109999865293503, 0.05429999902844429, 0.04500000178813934, 0.03220000118017197, 0.019600000232458115, 0.011300000362098217, 0.0071000000461936, 0.00419999985024333, 0.00860000029206276, 0.01759999990463257, 0.040800001472234726, 0.07599999755620956, 0.07410000264644623, 0.10790000110864639, 0.09669999778270721, 0.0892999991774559, 0.07029999792575836, 0.0697999969124794, 0.07119999825954437, 0.07339999824762344, 0.0754999965429306, 0.07850000262260437, 0.07339999824762344, 0.06239999830722809, 0.0658000037074089, 0.049400001764297485, 0.03779999911785126, 0.026599999517202377, 0.014000000432133675, 0.016599999740719795, 0.005200000014156103, 0.007600000128149986, 0.008299999870359898, 0.019500000402331352, 0.0414000004529953, 0.08839999884366989, 0.14790000021457672, 0.13130000233650208, 0.10119999945163727, 0.10300000011920929, 0.08510000258684158, 0.07819999754428864, 0.07810000330209732, 0.08169999718666077, 0.0794999971985817, 0.04100000113248825, 0.012799999676644802, 0.07339999824762344, 0.07360000163316727, 0.05950000137090683, 0.04969999939203262, 0.04179999977350235, 0.023000000044703484, 0.00930000003427267, 0.007600000128149986, 0.00570000009611249, 0.009800000116229057, 0.01889999955892563, 0.041200000792741776, 0.07909999787807465, 0.11509999632835388, 0.10740000009536743, 0.08829999715089798, 0.010700000450015068, 0.05530000105500221, 0.08250000327825546, 0.08150000125169754, 0.08320000022649765, 0.07989999651908875, 0.07479999959468842, 0.0729999989271164, 0.07530000060796738, 0.07400000095367432, 0.06800000369548798, 0.05620000138878822, 0.03610000014305115, 0.021900000050663948, 0.008799999952316284, 0.006500000134110451, 0.006099999882280827, 0.01679999940097332, 0.02419999986886978, 0.0494999997317791, 0.09130000323057175, 0.1428000032901764, 0.1550000011920929, 0.1014999970793724, 0.09099999815225601, 0.08669999986886978, 0.08030000329017639, 0.07909999787807465, 0.08789999783039093, 0.07699999958276749, 0.08049999922513962, 0.07349999994039536, 0.06800000369548798, 0.06459999829530716, 0.065700002014637, 0.05339999869465828, 0.043299999088048935, 0.026200000196695328, 0.01489999983459711, 0.007699999958276749, 0.007699999958276749, 0.0142000000923872, 0.023099999874830246, 0.048700001090765, 0.07599999755620956, 0.10509999841451645, 0.1492999941110611, 0.09520000219345093, 0.09160000085830688, 0.08489999920129776, 0.09139999747276306, 0.07919999957084656, 0.08259999752044678, 0.08250000327825546, 0.08070000261068344, 0.08129999786615372, 0.0746999979019165, 0.07419999688863754, 0.020600000396370888, 0.06440000236034393, 0.042100001126527786, 0.02590000070631504, 0.01759999990463257, 0.011900000274181366, 0.011099999770522118, 0.014800000004470348, 0.013500000350177288, 0.025299999862909317, 0.03220000118017197, 0.043299999088048935, 0.058800000697374344, 0.0640999972820282, 0.07750000059604645, 0.07800000160932541, 0.08460000157356262, 0.060499999672174454, 0.052299998700618744, 0.07649999856948853, 0.08169999718666077, 0.010200000368058681, 0.004800000227987766, 0.006599999964237213, 0.05900000035762787, 0.05920000001788139, 0.04780000075697899, 0.02879999950528145, 0.009999999776482582, 0.01510000042617321, 0.010599999688565731, 0.006800000090152025, 0.007499999832361937, 0.011599999852478504, 0.015599999576807022, 0.0210999995470047, 0.03880000114440918, 0.0478999987244606, 0.06520000100135803, 0.07270000129938126, 0.07479999959468842, 0.07509999722242355, 0.07959999889135361, 0.0723000019788742, 0.0697999969124794, 0.05979999899864197, 0.06629999727010727, 0.054999999701976776, 0.05090000107884407, 0.03849999979138374, 0.034699998795986176, 0.016300000250339508, 0.010900000110268593, 0.006200000178068876, 0.005100000184029341, 0.011300000362098217, 0.019600000232458115, 0.05139999836683273, 0.0786999985575676, 0.14839999377727509, 0.19259999692440033, 0.10159999877214432, 0.09220000356435776, 0.07819999754428864, 0.08229999989271164, 0.07169999927282333, 0.08229999989271164, 0.0754999965429306, 0.08510000258684158, 0.08030000329017639, 0.07639999687671661, 0.0737999975681305, 0.05420000106096268, 0.04340000078082085, 0.03440000116825104, 0.02019999921321869, 0.010700000450015068, 0.009800000116229057, 0.00570000009611249, 0.008899999782443047, 0.021199999377131462, 0.033799998462200165, 0.07540000230073929, 0.1054999977350235, 0.10530000180006027, 0.10019999742507935, 0.0934000015258789, 0.08889999985694885, 0.08060000091791153, 0.07900000363588333, 0.0828000009059906, 0.07720000296831131, 0.07980000227689743, 0.08179999887943268, 0.07419999688863754, 0.07270000129938126, 0.06109999865293503, 0.0478999987244606, 0.03480000048875809, 0.011800000444054604, 0.010099999606609344, 0.006300000008195639, 0.005400000140070915, 0.011099999770522118, 0.019500000402331352, 0.05249999836087227, 0.08860000222921371, 0.11980000138282776, 0.14509999752044678, 0.07079999893903732, 0.014800000004470348, 0.03840000182390213, 0.05900000035762787, 0.08489999920129776, 0.0843999981880188, 0.07360000163316727, 0.07580000162124634, 0.06750000268220901, 0.07329999655485153, 0.07580000162124634, 0.06400000303983688, 0.052799999713897705, 0.03200000151991844, 0.017899999395012856, 0.013100000098347664, 0.00800000037997961, 0.006399999838322401, 0.011500000022351742, 0.023600000888109207, 0.04259999841451645, 0.08309999853372574, 0.13809999823570251, 0.1940000057220459, 0.10729999840259552, 0.09269999712705612, 0.08290000259876251, 0.07900000363588333, 0.07900000363588333, 0.08209999650716782, 0.07930000126361847, 0.08340000361204147, 0.0812000036239624, 0.07599999755620956, 0.07249999791383743, 0.0632999986410141, 0.059700001031160355, 0.04450000077486038, 0.024900000542402267, 0.011699999682605267, 0.006000000052154064, 0.00860000029206276, 0.008999999612569809, 0.017400000244379044, 0.03310000151395798, 0.07620000094175339, 0.10249999910593033, 0.10339999943971634, 0.0997999981045723, 0.12929999828338623, 0.08579999953508377, 0.0835999995470047, 0.07940000295639038, 0.08380000293254852, 0.0877000018954277, 0.07980000227689743, 0.07819999754428864, 0.07689999788999557, 0.07419999688863754, 0.05660000070929527, 0.05380000174045563, 0.04610000178217888, 0.031700000166893005, 0.017500000074505806, 0.012600000016391277, 0.01080000028014183, 0.013299999758601189, 0.012299999594688416, 0.01720000058412552, 0.028699999675154686, 0.045099999755620956, 0.05820000171661377, 0.06750000268220901, 0.07540000230073929, 0.08669999986886978, 0.0803999975323677, 0.08240000158548355, 0.07670000195503235, 0.0746999979019165, 0.08569999784231186, 0.07930000126361847, 0.07859999686479568, 0.05820000171661377, 0.054499998688697815, 0.053199999034404755, 0.04769999906420708, 0.03189999982714653, 0.017400000244379044, 0.01209999993443489, 0.010499999858438969, 0.007300000172108412, 0.008899999782443047, 0.011300000362098217, 0.015399999916553497, 0.02250000089406967, 0.030799999833106995, 0.04699999839067459, 0.061400000005960464, 0.07609999924898148, 0.07620000094175339, 0.07069999724626541, 0.07590000331401825, 0.06530000269412994, 0.07069999724626541, 0.0738999992609024, 0.06340000033378601, 0.062300000339746475, 0.05849999934434891, 0.04960000142455101, 0.036400001496076584, 0.02019999921321869, 0.01600000075995922, 0.006300000008195639, 0.007899999618530273, 0.011099999770522118, 0.022700000554323196, 0.04399999976158142, 0.0868000015616417, 0.11180000007152557, 0.10570000112056732, 0.09040000289678574, 0.09629999846220016, 0.09009999781847, 0.07900000363588333, 0.07689999788999557, 0.08049999922513962, 0.0794999971985817, 0.08510000258684158, 0.07930000126361847, 0.06809999793767929, 0.07660000026226044, 0.05559999868273735, 0.04899999871850014, 0.041099999099969864, 0.026399999856948853, 0.010700000450015068, 0.006099999882280827, 0.009200000204145908, 0.010300000198185444, 0.021400000900030136, 0.043800000101327896, 0.08209999650716782, 0.121799997985363, 0.10409999638795853, 0.0828000009059906, 0.06960000097751617, 0.0851999968290329, 0.0869000032544136, 0.07599999755620956, 0.08550000190734863, 0.07999999821186066, 0.08540000021457672, 0.07490000128746033, 0.06970000267028809, 0.07559999823570251, 0.05770000070333481, 0.052799999713897705, 0.03550000116229057, 0.028999999165534973, 0.00930000003427267, 0.006399999838322401, 0.007400000002235174, 0.012600000016391277, 0.016200000420212746, 0.049800001084804535, 0.08560000360012054, 0.12160000205039978, 0.11240000277757645, 0.10029999911785126, 0.09269999712705612, 0.08829999715089798, 0.07970000058412552, 0.08590000122785568, 0.08389999717473984, 0.08659999817609787, 0.0892999991774559, 0.07590000331401825, 0.07980000227689743, 0.08309999853372574, 0.060600001364946365, 0.049300000071525574, 0.0430000014603138, 0.027300000190734863, 0.012600000016391277, 0.006399999838322401, 0.005900000222027302, 0.009999999776482582, 0.0210999995470047, 0.05270000174641609, 0.08579999953508377, 0.11169999837875366, 0.11420000344514847, 0.0989999994635582, 0.09759999811649323, 0.09440000355243683, 0.08540000021457672, 0.07859999686479568, 0.08789999783039093, 0.08540000021457672, 0.08699999749660492, 0.17090000212192535, 0.11180000007152557, 0.08209999650716782, 0.06419999897480011, 0.05050000175833702, 0.042899999767541885, 0.022299999371170998, 0.014499999582767487, 0.007199999876320362, 0.010700000450015068, 0.009999999776482582, 0.021700000390410423, 0.049300000071525574, 0.08630000054836273, 0.10540000349283218, 0.10220000147819519, 0.09780000150203705, 0.09269999712705612, 0.0908999964594841, 0.07890000194311142, 0.08959999680519104, 0.08569999784231186, 0.08030000329017639, 0.08349999785423279, 0.08269999921321869, 0.07720000296831131, 0.07930000126361847, 0.06430000066757202, 0.050200000405311584, 0.043699998408555984, 0.03180000185966492, 0.015399999916553497, 0.010200000368058681, 0.00839999970048666, 0.009700000286102295, 0.011599999852478504, 0.018400000408291817, 0.0284000001847744, 0.0406000018119812, 0.055399999022483826, 0.06530000269412994, 0.0722000002861023, 0.07209999859333038, 0.06939999759197235, 0.07259999960660934, 0.07590000331401825, 0.07349999994039536, 0.07609999924898148, 0.07119999825954437, 0.06499999761581421, 0.05999999865889549, 0.05480000004172325, 0.051500000059604645, 0.0478999987244606, 0.0272000003606081, 0.013399999588727951, 0.010099999606609344, 0.008899999782443047, 0.009100000374019146, 0.011699999682605267, 0.013000000268220901, 0.02879999950528145, 0.02590000070631504, 0.045899998396635056, 0.053300000727176666, 0.0632999986410141, 0.06949999928474426, 0.07509999722242355, 0.06949999928474426, 0.0723000019788742, 0.06509999930858612, 0.06599999964237213, 0.06480000168085098, 0.059700001031160355, 0.06499999761581421, 0.048900000751018524, 0.04529999941587448, 0.03290000185370445, 0.02070000022649765, 0.00930000003427267, 0.00570000009611249, 0.005799999926239252, 0.00839999970048666, 0.018200000748038292, 0.04010000079870224, 0.07819999754428864, 0.10450000315904617, 0.10289999842643738, 0.09239999949932098, 0.09070000052452087, 0.0794999971985817, 0.07320000231266022, 0.07039999961853027, 0.07739999890327454, 0.07769999653100967, 0.07559999823570251, 0.07050000131130219, 0.06639999896287918, 0.06889999657869339, 0.04820000007748604, 0.039400000125169754, 0.029100000858306885, 0.01549999974668026, 0.009800000116229057, 0.005499999970197678, 0.0066999997943639755, 0.00930000003427267, 0.02199999988079071, 0.05420000106096268, 0.08299999684095383, 0.11460000276565552, 0.1273999959230423, 0.10199999809265137, 0.09529999643564224, 0.09099999815225601, 0.07169999927282333, 0.0737999975681305, 0.08049999922513962, 0.07970000058412552, 0.0763000026345253, 0.07069999724626541, 0.0674000009894371, 0.06830000132322311, 0.057999998331069946, 0.04809999838471413, 0.03310000151395798, 0.016200000420212746, 0.008999999612569809, 0.005400000140070915, 0.005499999970197678, 0.009399999864399433, 0.016599999740719795, 0.04529999941587448, 0.08009999990463257, 0.11479999870061874, 0.11659999936819077, 0.10809999704360962, 0.09839999675750732, 0.08320000022649765, 0.07810000330209732, 0.2761000096797943, 0.4936999976634979, 0.16359999775886536, 0.07410000264644623, 0.07850000262260437, 0.07180000096559525, 0.08959999680519104, 0.06360000371932983, 0.05609999969601631, 0.034699998795986176, 0.02800000086426735, 0.012400000356137753, 0.007699999958276749, 0.006399999838322401, 0.009100000374019146, 0.017100000753998756, 0.04830000177025795, 0.08619999885559082, 0.11219999939203262, 0.10360000282526016, 0.09629999846220016, 0.09300000220537186, 0.08709999918937683, 0.08420000225305557, 0.08389999717473984, 0.0828000009059906, 0.07519999891519547, 0.07750000059604645, 0.07289999723434448, 0.06920000165700912, 0.07090000063180923, 0.06019999831914902, 0.05559999868273735, 0.042100001126527786, 0.024800000712275505, 0.01360000018030405, 0.008500000461935997, 0.007300000172108412, 0.00989999994635582, 0.022299999371170998, 0.05139999836683273, 0.08709999918937683, 0.10809999704360962, 0.10580000281333923, 0.08950000256299973, 0.08579999953508377, 0.08619999885559082, 0.08219999819993973, 0.07980000227689743, 0.08460000157356262, 0.0835999995470047, 0.0877000018954277, 0.08070000261068344, 0.07970000058412552, 0.07169999927282333, 0.06069999933242798, 0.052799999713897705, 0.0494999997317791, 0.031599998474121094, 0.021199999377131462, 0.012299999594688416, 0.009700000286102295, 0.00839999970048666, 0.01209999993443489, 0.020899999886751175, 0.02710000053048134, 0.04479999840259552, 0.06379999965429306, 0.06840000301599503, 0.07959999889135361, 0.08110000193119049, 0.06909999996423721, 0.066600002348423, 0.0729999989271164, 0.07289999723434448, 0.07360000163316727, 0.07400000095367432, 0.06800000369548798, 0.05480000004172325, 0.05310000106692314, 0.053700000047683716, 0.05180000141263008, 0.03970000147819519, 0.01549999974668026, 0.00860000029206276, 0.006800000090152025, 0.005900000222027302, 0.0066999997943639755, 0.00989999994635582, 0.014299999922513962, 0.023099999874830246, 0.030899999663233757, 0.04690000042319298, 0.06289999932050705, 0.07559999823570251, 0.06870000064373016, 0.06639999896287918, 0.06589999794960022, 0.06360000371932983, 0.06159999966621399, 0.05810000002384186, 0.052299998700618744, 0.0478999987244606, 0.04540000110864639, 0.03999999910593033, 0.02969999983906746, 0.018699999898672104, 0.009999999776482582, 0.005799999926239252, 0.005499999970197678, 0.009100000374019146, 0.017899999395012856, 0.049800001084804535, 0.08649999648332596, 0.11649999767541885, 0.11969999969005585, 0.10050000250339508, 0.0957999974489212, 0.07649999856948853, 0.07599999755620956, 0.0731000006198883, 0.07890000194311142, 0.08659999817609787, 0.07959999889135361, 0.07769999653100967, 0.07440000027418137, 0.07750000059604645, 0.05660000070929527, 0.043800000101327896, 0.032099999487400055, 0.01850000023841858, 0.008999999612569809, 0.005900000222027302, 0.006899999920278788, 0.008899999782443047, 0.019600000232458115, 0.043299999088048935, 0.0812000036239624, 0.12710000574588776, 0.13650000095367432, 0.10649999976158142, 0.09309999644756317, 0.08299999684095383, 0.07370000332593918, 0.07400000095367432, 0.08070000261068344, 0.07890000194311142, 0.07840000092983246, 0.07490000128746033, 0.07999999821186066, 0.07069999724626541, 0.05609999969601631, 0.04430000111460686, 0.029999999329447746, 0.016899999231100082, 0.008799999952316284, 0.006300000008195639, 0.010099999606609344, 0.00860000029206276, 0.01860000006854534, 0.0494999997317791, 0.08569999784231186, 0.11909999698400497, 0.11010000109672546, 0.11320000141859055, 0.0917000025510788, 0.09099999815225601, 0.0763000026345253, 0.0820000022649765, 0.08990000188350677, 0.0835999995470047, 0.08510000258684158, 0.07429999858140945, 0.07689999788999557, 0.07880000025033951, 0.05550000071525574, 0.052299998700618744, 0.042500000447034836, 0.020400000736117363, 0.010700000450015068, 0.008899999782443047, 0.010300000198185444, 0.013500000350177288, 0.020400000736117363, 0.04830000177025795, 0.09239999949932098, 0.12620000541210175, 0.11069999635219574, 0.1023000031709671, 0.0940999984741211, 0.08940000087022781, 0.08320000022649765, 0.08449999988079071, 0.08760000020265579, 0.08489999920129776, 0.08950000256299973, 0.0778999999165535, 0.0738999992609024, 0.08070000261068344, 0.06289999932050705, 0.054099999368190765, 0.03700000047683716, 0.020400000736117363, 0.013399999588727951, 0.010999999940395355, 0.009200000204145908, 0.011099999770522118, 0.01860000006854534, 0.04879999905824661, 0.08820000290870667, 0.1152999997138977, 0.1444000005722046, 0.11490000039339066, 0.09269999712705612, 0.08709999918937683, 0.08560000360012054, 0.08250000327825546, 0.08630000054836273, 0.08290000259876251, 0.08560000360012054, 0.07919999957084656, 0.08020000159740448, 0.08510000258684158, 0.06379999965429306, 0.052299998700618744, 0.04540000110864639, 0.029899999499320984, 0.02239999920129776, 0.010700000450015068, 0.012000000104308128, 0.00989999994635582, 0.013500000350177288, 0.018799999728798866, 0.02969999983906746, 0.052000001072883606, 0.06549999862909317, 0.07400000095367432, 0.08429999649524689, 0.08410000056028366, 0.07660000026226044, 0.08179999887943268, 0.08009999990463257, 0.07980000227689743, 0.06639999896287918, 0.07400000095367432, 0.0737999975681305, 0.0617000013589859, 0.05339999869465828, 0.05429999902844429, 0.049400001764297485, 0.03319999948143959, 0.02160000056028366, 0.012900000438094139, 0.010400000028312206, 0.005799999926239252, 0.007799999788403511, 0.012900000438094139, 0.020899999886751175, 0.026100000366568565, 0.04479999840259552, 0.0575999990105629, 0.06830000132322311, 0.07829999923706055, 0.07760000228881836, 0.0723000019788742, 0.0731000006198883, 0.0697999969124794, 0.06700000166893005, 0.06700000166893005, 0.065700002014637, 0.05950000137090683, 0.05290000140666962, 0.047600001096725464, 0.03310000151395798, 0.01810000091791153, 0.010099999606609344, 0.006000000052154064, 0.005400000140070915, 0.009999999776482582, 0.017899999395012856, 0.04320000112056732, 0.08290000259876251, 0.11640000343322754, 0.10989999771118164, 0.09560000151395798, 0.09040000289678574, 0.07909999787807465, 0.07169999927282333, 0.0737999975681305, 0.08560000360012054, 0.07739999890327454, 0.07829999923706055, 0.08259999752044678, 0.07540000230073929, 0.07519999891519547, 0.054499998688697815, 0.04320000112056732, 0.03400000184774399, 0.024299999698996544, 0.012199999764561653, 0.006099999882280827, 0.008799999952316284, 0.009399999864399433, 0.019600000232458115, 0.0494999997317791, 0.08030000329017639, 0.10769999772310257, 0.11819999665021896, 0.09960000216960907, 0.09269999712705612, 0.08399999886751175, 0.07880000025033951, 0.07900000363588333, 0.07900000363588333, 0.07680000364780426, 0.08370000123977661, 0.07890000194311142, 0.07280000299215317, 0.07609999924898148, 0.06480000168085098, 0.05380000174045563, 0.03550000116229057, 0.017000000923871994, 0.014000000432133675, 0.007899999618530273, 0.006599999964237213, 0.01140000019222498, 0.021199999377131462, 0.04899999871850014, 0.09049999713897705, 0.11630000174045563, 0.1168999969959259, 0.10819999873638153, 0.09529999643564224, 0.08330000191926956, 0.07020000368356705, 0.07190000265836716, 0.08240000158548355, 0.08420000225305557, 0.07859999686479568, 0.07360000163316727, 0.07750000059604645, 0.08129999786615372, 0.065700002014637, 0.05220000073313713, 0.03539999946951866, 0.02969999983906746, 0.013799999840557575, 0.007600000128149986, 0.009200000204145908, 0.010700000450015068, 0.02239999920129776, 0.0544000007212162, 0.08780000358819962, 0.10530000180006027, 0.1103999987244606, 0.1039000004529953, 0.09910000115633011, 0.08760000020265579, 0.08720000088214874, 0.08049999922513962, 0.08429999649524689, 0.0778999999165535, 0.0803999975323677, 0.07580000162124634, 0.0820000022649765, 0.07500000298023224, 0.061500001698732376, 0.057999998331069946, 0.04129999876022339, 0.022299999371170998, 0.01720000058412552, 0.008700000122189522, 0.01600000075995922, 0.009499999694526196, 0.023600000888109207, 0.05169999971985817, 0.08389999717473984, 0.1363999992609024, 0.11789999902248383, 0.09399999678134918, 0.08609999716281891, 0.08150000125169754, 0.0812000036239624, 0.08160000294446945, 0.09120000153779984, 0.08479999750852585, 0.08030000329017639, 0.08219999819993973, 0.08240000158548355, 0.07129999995231628, 0.06040000170469284, 0.057500001043081284, 0.05429999902844429, 0.0284000001847744, 0.01810000091791153, 0.011300000362098217, 0.0071000000461936, 0.009200000204145908, 0.012199999764561653, 0.021900000050663948, 0.03220000118017197, 0.04639999940991402, 0.06390000134706497, 0.07010000199079514, 0.07769999653100967, 0.07289999723434448, 0.07599999755620956, 0.07530000060796738, 0.08070000261068344, 0.07699999958276749, 0.07129999995231628, 0.06849999725818634, 0.06809999793767929, 0.060600001364946365, 0.0575999990105629, 0.05480000004172325, 0.04340000078082085, 0.031300000846385956, 0.019200000911951065, 0.013199999928474426, 0.011800000444054604, 0.006899999920278788, 0.0066999997943639755, 0.01360000018030405, 0.018200000748038292, 0.02810000069439411, 0.042899999767541885, 0.05469999834895134, 0.06790000200271606, 0.07639999687671661, 0.07079999893903732, 0.0729999989271164, 0.0786999985575676, 0.08229999989271164, 0.07479999959468842, 0.07079999893903732, 0.06419999897480011, 0.05820000171661377, 0.061400000005960464, 0.052400000393390656, 0.03830000013113022, 0.02319999970495701, 0.013500000350177288, 0.008799999952316284, 0.005499999970197678, 0.008299999870359898, 0.018799999728798866, 0.0478999987244606, 0.08829999715089798, 0.1096000000834465, 0.10999999940395355, 0.09880000352859497, 0.09759999811649323, 0.09279999881982803, 0.08510000258684158, 0.07599999755620956, 0.07930000126361847, 0.08209999650716782, 0.08389999717473984, 0.07940000295639038, 0.07620000094175339, 0.07649999856948853, 0.060100000351667404, 0.04800000041723251, 0.0348999984562397, 0.018400000408291817, 0.017899999395012856, 0.00570000009611249, 0.00570000009611249, 0.010900000110268593, 0.021199999377131462, 0.054099999368190765, 0.08919999748468399, 0.15070000290870667, 0.16050000488758087, 0.1088000014424324, 0.09759999811649323, 0.07750000059604645, 0.07859999686479568, 0.07930000126361847, 0.08669999986886978, 0.07190000265836716, 0.08479999750852585, 0.07970000058412552, 0.07880000025033951, 0.07360000163316727, 0.06639999896287918, 0.0575999990105629, 0.03460000082850456, 0.018200000748038292, 0.013899999670684338, 0.006300000008195639, 0.006800000090152025, 0.007799999788403511, 0.01810000091791153, 0.048500001430511475, 0.0869000032544136, 0.11309999972581863, 0.10869999974966049, 0.10000000149011612, 0.09430000185966492, 0.0892999991774559, 0.07859999686479568, 0.0763000026345253, 0.09380000084638596, 0.08030000329017639, 0.06300000101327896, 0.0658000037074089, 0.08370000123977661, 0.0868000015616417, 0.058400001376867294, 0.052299998700618744, 0.03819999843835831, 0.028999999165534973, 0.016599999740719795, 0.0066999997943639755, 0.005799999926239252, 0.009100000374019146, 0.025299999862909317, 0.04859999939799309, 0.08590000122785568, 0.11050000041723251, 0.1152999997138977, 0.09929999709129333, 0.09459999948740005, 0.0949999988079071, 0.08330000191926956, 0.08110000193119049, 0.08449999988079071, 0.08060000091791153, 0.0812000036239624, 0.07760000228881836, 0.07329999655485153, 0.07909999787807465, 0.0674000009894371, 0.06360000371932983, 0.043800000101327896, 0.023499999195337296, 0.010599999688565731, 0.005900000222027302, 0.005900000222027302, 0.009600000455975533, 0.020999999716877937, 0.0478999987244606, 0.0925000011920929, 0.10530000180006027, 0.10459999740123749, 0.09189999848604202, 0.08950000256299973, 0.08590000122785568, 0.07970000058412552, 0.0828000009059906, 0.08640000224113464, 0.07530000060796738, 0.07919999957084656, 0.07580000162124634, 0.0771000012755394, 0.07580000162124634, 0.061799999326467514, 0.06700000166893005, 0.0494999997317791, 0.03269999846816063, 0.01889999955892563, 0.013100000098347664, 0.014000000432133675, 0.010300000198185444, 0.010599999688565731, 0.019600000232458115, 0.031199999153614044, 0.051500000059604645, 0.05990000069141388, 0.07000000029802322, 0.07880000025033951, 0.07850000262260437, 0.07440000027418137, 0.07649999856948853, 0.07940000295639038, 0.08129999786615372, 0.07670000195503235, 0.07580000162124634, 0.06989999860525131, 0.0632999986410141, 0.05640000104904175, 0.05609999969601631, 0.04899999871850014, 0.039500001817941666, 0.019999999552965164, 0.010700000450015068, 0.010200000368058681, 0.006300000008195639, 0.008299999870359898, 0.01119999960064888, 0.016599999740719795, 0.023099999874830246, 0.03929999843239784, 0.05460000038146973, 0.06989999860525131, 0.0731000006198883, 0.07400000095367432, 0.07699999958276749, 0.06830000132322311, 0.06710000336170197, 0.06849999725818634, 0.06509999930858612, 0.05860000103712082, 0.05829999968409538, 0.05000000074505806, 0.04809999838471413, 0.03629999980330467, 0.01899999938905239, 0.011500000022351742, 0.011900000274181366, 0.005100000184029341, 0.00800000037997961, 0.021900000050663948, 0.04729999974370003, 0.08169999718666077, 0.11029999703168869, 0.10429999977350235, 0.09880000352859497, 0.08799999952316284, 0.07519999891519547, 0.0731000006198883, 0.07349999994039536, 0.08839999884366989, 0.0851999968290329, 0.08389999717473984, 0.08579999953508377, 0.07410000264644623, 0.07829999923706055, 0.054499998688697815, 0.04399999976158142, 0.031599998474121094, 0.020099999383091927, 0.00860000029206276, 0.005799999926239252, 0.006099999882280827, 0.009399999864399433, 0.020400000736117363, 0.05469999834895134, 0.07240000367164612, 0.10000000149011612, 0.1251000016927719, 0.09430000185966492, 0.07970000058412552, 0.07029999792575836, 0.06750000268220901, 0.07249999791383743, 0.07339999824762344, 0.07599999755620956, 0.08330000191926956, 0.07419999688863754, 0.0771000012755394, 0.0697999969124794, 0.05550000071525574, 0.051600001752376556, 0.03909999877214432, 0.019200000911951065, 0.010700000450015068, 0.01140000019222498, 0.0066999997943639755, 0.009200000204145908, 0.0215000007301569, 0.04690000042319298, 0.08940000087022781, 0.10729999840259552, 0.11429999768733978, 0.09860000014305115, 0.09610000252723694, 0.08259999752044678, 0.07819999754428864, 0.07980000227689743, 0.08619999885559082, 0.07639999687671661, 0.08150000125169754, 0.07450000196695328, 0.07400000095367432, 0.07729999721050262, 0.06629999727010727, 0.05169999971985817, 0.040300000458955765, 0.020500000566244125, 0.00989999994635582, 0.010499999858438969, 0.006599999964237213, 0.008700000122189522, 0.01860000006854534, 0.04729999974370003, 0.08579999953508377, 0.14390000700950623, 0.13429999351501465, 0.16030000150203705, 0.2554999887943268, 0.08380000293254852, 0.0812000036239624, 0.08309999853372574, 0.0851999968290329, 0.08649999648332596, 0.08179999887943268, 0.07289999723434448, 0.07429999858140945, 0.08340000361204147, 0.06729999929666519, 0.05339999869465828, 0.03909999877214432, 0.021900000050663948, 0.013799999840557575, 0.009800000116229057, 0.0, 0.0, 0.0, 0.033799998462200165, 0.08699999749660492, 0.11259999871253967, 0.1088000014424324, 0.09269999712705612, 0.08649999648332596, 0.08550000190734863, 0.07800000160932541, 0.08760000020265579, 0.09070000052452087, 0.07609999924898148, 0.08449999988079071, 0.0803999975323677, 0.07370000332593918, 0.07500000298023224, 0.05730000138282776, 0.05389999970793724, 0.04879999905824661, 0.03669999912381172, 0.02370000071823597, 0.015599999576807022, 0.013100000098347664, 0.01269999984651804, 0.012900000438094139, 0.018200000748038292, 0.031099999323487282, 0.04600000008940697, 0.06040000170469284, 0.07039999961853027, 0.0786999985575676, 0.08529999852180481, 0.07840000092983246, 0.07109999656677246, 0.07190000265836716, 0.07970000058412552, 0.08070000261068344, 0.07609999924898148, 0.07519999891519547, 0.05959999933838844, 0.053599998354911804, 0.05570000037550926, 0.054099999368190765, 0.031300000846385956, 0.021900000050663948, 0.01730000041425228, 0.012400000356137753, 0.005499999970197678, 0.00930000003427267, 0.016100000590085983, 0.020899999886751175, 0.026000000536441803, 0.03530000150203705, 0.05660000070929527, 0.0737999975681305, 0.0738999992609024, 0.07580000162124634, 0.07050000131130219, 0.06710000336170197, 0.07339999824762344, 0.07190000265836716, 0.07169999927282333, 0.0640999972820282, 0.061400000005960464, 0.059700001031160355, 0.061799999326467514, 0.04039999842643738, 0.02459999918937683, 0.015799999237060547, 0.0066999997943639755, 0.004900000058114529, 0.007899999618530273, 0.022299999371170998, 0.04450000077486038, 0.08780000358819962, 0.1256999969482422, 0.14820000529289246, 0.09839999675750732, 0.08630000054836273, 0.07819999754428864, 0.07490000128746033, 0.08139999955892563, 0.08169999718666077, 0.08179999887943268, 0.08060000091791153, 0.07720000296831131, 0.07519999891519547, 0.07519999891519547, 0.05649999901652336, 0.0502999983727932, 0.031599998474121094, 0.019600000232458115, 0.010700000450015068, 0.008500000461935997, 0.007600000128149986, 0.01119999960064888, 0.020899999886751175, 0.05009999871253967, 0.09019999951124191, 0.1225999966263771, 0.1356000006198883, 0.10729999840259552, 0.09470000118017197, 0.08209999650716782, 0.08049999922513962, 0.0820000022649765, 0.08489999920129776, 0.08169999718666077, 0.08060000091791153, 0.07880000025033951, 0.07800000160932541, 0.08150000125169754, 0.0674000009894371, 0.054499998688697815, 0.03799999877810478, 0.02239999920129776, 0.010900000110268593, 0.006200000178068876, 0.006399999838322401, 0.008899999782443047, 0.02070000022649765, 0.050200000405311584, 0.08219999819993973, 0.12039999663829803, 0.20569999516010284, 0.10239999741315842, 0.09269999712705612, 0.08290000259876251, 0.0803999975323677, 0.08079999685287476, 0.08669999986886978, 0.08470000326633453, 0.07959999889135361, 0.07090000063180923, 0.07190000265836716, 0.07079999893903732, 0.06610000133514404, 0.05889999866485596, 0.039400000125169754, 0.03269999846816063, 0.012400000356137753, 0.014499999582767487, 0.008500000461935997, 0.008700000122189522, 0.020800000056624413, 0.05979999899864197, 0.08749999850988388, 0.12229999899864197, 0.10689999908208847, 0.10029999911785126, 0.09189999848604202, 0.09009999781847, 0.08429999649524689, 0.0843999981880188, 0.0860000029206276, 0.08160000294446945, 0.0786999985575676, 0.07800000160932541, 0.07000000029802322, 0.0729999989271164, 0.06469999998807907, 0.05869999900460243, 0.03830000013113022, 0.0210999995470047, 0.016899999231100082, 0.007300000172108412, 0.006599999964237213, 0.011599999852478504, 0.0210999995470047, 0.04399999976158142, 0.08190000057220459, 0.11140000075101852, 0.1168999969959259, 0.10029999911785126, 0.08749999850988388, 0.08479999750852585, 0.0803999975323677, 0.07940000295639038, 0.0860000029206276, 0.08429999649524689, 0.08429999649524689, 0.07999999821186066, 0.08479999750852585, 0.07519999891519547, 0.06270000338554382, 0.061500001698732376, 0.049300000071525574, 0.03099999949336052, 0.01899999938905239, 0.01080000028014183, 0.008899999782443047, 0.013899999670684338, 0.018400000408291817, 0.026399999856948853, 0.037700001150369644, 0.051899999380111694, 0.06520000100135803, 0.0722000002861023, 0.07599999755620956, 0.07569999992847443, 0.07620000094175339, 0.07900000363588333, 0.08250000327825546, 0.07609999924898148, 0.08089999854564667, 0.08389999717473984, 0.06719999760389328, 0.061000000685453415, 0.05979999899864197, 0.05869999900460243, 0.05420000106096268, 0.031199999153614044, 0.0203000009059906, 0.01119999960064888, 0.008999999612569809, 0.009700000286102295, 0.01080000028014183, 0.017500000074505806, 0.02889999933540821, 0.03180000185966492, 0.03909999877214432, 0.05550000071525574, 0.06210000067949295, 0.07270000129938126, 0.07280000299215317, 0.07339999824762344, 0.07249999791383743, 0.07880000025033951, 0.0738999992609024, 0.07599999755620956, 0.0617000013589859, 0.05570000037550926, 0.05590000003576279, 0.04600000008940697, 0.0348999984562397, 0.020400000736117363, 0.010200000368058681, 0.005799999926239252, 0.00989999994635582, 0.008100000210106373, 0.02239999920129776, 0.04610000178217888, 0.08879999816417694, 0.10779999941587448, 0.13490000367164612, 0.10000000149011612, 0.09000000357627869, 0.08030000329017639, 0.07349999994039536, 0.07739999890327454, 0.07779999822378159, 0.08299999684095383, 0.07850000262260437, 0.07100000232458115, 0.07069999724626541, 0.06440000236034393, 0.054999999701976776, 0.051600001752376556, 0.03500000014901161, 0.032099999487400055, 0.04190000146627426, 0.017100000753998756, 0.008500000461935997, 0.01080000028014183, 0.0215000007301569, 0.05050000175833702, 0.08470000326633453, 0.10689999908208847, 0.10700000077486038, 0.10279999673366547, 0.08860000222921371, 0.08560000360012054, 0.08110000193119049, 0.08110000193119049, 0.08500000089406967, 0.07639999687671661, 0.08299999684095383, 0.08699999749660492, 0.08190000057220459, 0.07429999858140945, 0.06669999659061432, 0.05849999934434891, 0.044599998742341995, 0.02419999986886978, 0.011300000362098217, 0.008700000122189522, 0.00800000037997961, 0.012199999764561653, 0.019700000062584877, 0.04830000177025795, 0.09160000085830688, 0.10689999908208847, 0.12960000336170197, 0.10090000182390213, 0.09480000287294388, 0.08780000358819962, 0.07559999823570251, 0.0843999981880188, 0.08839999884366989, 0.0786999985575676, 0.0754999965429306, 0.04899999871850014, 0.0689999982714653, 0.07540000230073929, 0.07169999927282333, 0.05660000070929527, 0.0421999990940094, 0.02199999988079071, 0.01209999993443489, 0.007600000128149986, 0.010200000368058681, 0.01140000019222498, 0.021900000050663948, 0.048500001430511475, 0.08709999918937683, 0.2485000044107437, 0.23549999296665192, 0.11540000140666962, 0.10499999672174454, 0.09220000356435776, 0.08449999988079071, 0.0828000009059906, 0.08540000021457672, 0.08079999685287476, 0.07810000330209732, 0.07940000295639038, 0.07360000163316727, 0.07190000265836716, 0.06360000371932983, 0.06129999831318855, 0.04600000008940697, 0.027899999171495438, 0.014499999582767487, 0.012299999594688416, 0.007699999958276749, 0.02199999988079071, 0.021800000220537186, 0.046300001442432404, 0.08169999718666077, 0.10779999941587448, 0.10660000145435333, 0.1046999990940094, 0.16539999842643738, 0.08590000122785568, 0.08410000056028366, 0.08799999952316284, 0.08749999850988388, 0.08160000294446945, 0.08749999850988388, 0.08250000327825546, 0.07590000331401825, 0.07479999959468842, 0.05220000073313713, 0.047600001096725464, 0.05000000074505806, 0.0348999984562397, 0.020999999716877937, 0.012900000438094139, 0.00860000029206276, 0.00930000003427267, 0.0142000000923872, 0.02319999970495701, 0.03180000185966492, 0.04820000007748604, 0.06430000066757202, 0.08219999819993973, 0.08529999852180481, 0.08229999989271164, 0.08089999854564667, 0.08649999648332596, 0.07959999889135361, 0.05849999934434891, 0.08169999718666077, 0.07559999823570251, 0.06780000030994415, 0.066600002348423, 0.05810000002384186, 0.0625, 0.05550000071525574, 0.03009999915957451, 0.018300000578165054, 0.010400000028312206, 0.015699999406933784, 0.006800000090152025, 0.007600000128149986, 0.015200000256299973, 0.020400000736117363, 0.03880000114440918, 0.04500000178813934, 0.06719999760389328, 0.07370000332593918, 0.07729999721050262, 0.08619999885559082, 0.08079999685287476, 0.07980000227689743, 0.07519999891519547, 0.07199999690055847, 0.06650000065565109, 0.061900001019239426, 0.05640000104904175, 0.054499998688697815, 0.053700000047683716, 0.034699998795986176, 0.022700000554323196, 0.014000000432133675, 0.006800000090152025, 0.005499999970197678, 0.008299999870359898, 0.020400000736117363, 0.04569999873638153, 0.08569999784231186, 0.1467999964952469, 0.14139999449253082, 0.09619999676942825, 0.09309999644756317, 0.07890000194311142, 0.07410000264644623, 0.07810000330209732, 0.08429999649524689, 0.08410000056028366, 0.07029999792575836, 0.07890000194311142, 0.0737999975681305, 0.07460000365972519, 0.05829999968409538, 0.04769999906420708, 0.03539999946951866, 0.019600000232458115, 0.010099999606609344, 0.007699999958276749, 0.005499999970197678, 0.0142000000923872, 0.02199999988079071, 0.04740000143647194, 0.09229999780654907, 0.12160000205039978, 0.13979999721050262, 0.10109999775886536, 0.09369999915361404, 0.08720000088214874, 0.08139999955892563, 0.07880000025033951, 0.08020000159740448, 0.06700000166893005, 0.08299999684095383, 0.07739999890327454, 0.07660000026226044, 0.06589999794960022, 0.06129999831318855, 0.051899999380111694, 0.03660000115633011, 0.024800000712275505, 0.012000000104308128, 0.007000000216066837, 0.006000000052154064, 0.01269999984651804, 0.01899999938905239, 0.05260000005364418, 0.08370000123977661, 0.14710000157356262, 0.13689999282360077, 0.09610000252723694, 0.09749999642372131, 0.09440000355243683, 0.08190000057220459, 0.08190000057220459, 0.08129999786615372, 0.08049999922513962, 0.07859999686479568, 0.12110000103712082, 0.06729999929666519, 0.07440000027418137, 0.06069999933242798, 0.06610000133514404, 0.041099999099969864, 0.024800000712275505, 0.013100000098347664, 0.010200000368058681, 0.006099999882280827, 0.008899999782443047, 0.021700000390410423, 0.20250000059604645, 0.09640000015497208, 0.09220000356435776, 0.09109999984502792, 0.1039000004529953, 0.10740000009536743, 0.08699999749660492, 0.08630000054836273, 0.08749999850988388, 0.0843999981880188, 0.07129999995231628, 0.08269999921321869, 0.07429999858140945, 0.0658000037074089, 0.05860000103712082, 0.06260000169277191, 0.05790000036358833, 0.04619999974966049, 0.03519999980926514, 0.026399999856948853, 0.008799999952316284, 0.01080000028014183, 0.014600000344216824, 0.020500000566244125, 0.047600001096725464, 0.07829999923706055, 0.10819999873638153, 0.09989999979734421, 0.09719999879598618, 0.08330000191926956, 0.0828000009059906, 0.08479999750852585, 0.09350000321865082, 0.0843999981880188, 0.08049999922513962, 0.07959999889135361, 0.05909999832510948, 0.07970000058412552, 0.06909999996423721, 0.060100000351667404, 0.05469999834895134, 0.04349999874830246, 0.025800000876188278, 0.019600000232458115, 0.01810000091791153, 0.013399999588727951, 0.01549999974668026, 0.011900000274181366, 0.02329999953508377, 0.03020000085234642, 0.04259999841451645, 0.05609999969601631, 0.07339999824762344, 0.10890000313520432, 0.08659999817609787, 0.07320000231266022, 0.07819999754428864, 0.07029999792575836, 0.07329999655485153, 0.07569999992847443, 0.0649000033736229, 0.06129999831318855, 0.052299998700618744, 0.04560000076889992, 0.0568000003695488, 0.05040000006556511, 0.03590000048279762, 0.016699999570846558, 0.011900000274181366, 0.008500000461935997, 0.008899999782443047, 0.00989999994635582, 0.015599999576807022, 0.020800000056624413, 0.026000000536441803, 0.03880000114440918, 0.053700000047683716, 0.06859999895095825, 0.07050000131130219, 0.07479999959468842, 0.07829999923706055, 0.07119999825954437, 0.06909999996423721, 0.06539999693632126, 0.061000000685453415, 0.06030000001192093, 0.05270000174641609, 0.05299999937415123, 0.0502999983727932, 0.039400000125169754, 0.030400000512599945, 0.016699999570846558, 0.01080000028014183, 0.0066999997943639755, 0.0066999997943639755, 0.009800000116229057, 0.026499999687075615, 0.02070000022649765, 0.032099999487400055, 0.03519999980926514, 0.04729999974370003, 0.05979999899864197, 0.061799999326467514, 0.0617000013589859, 0.066600002348423, 0.06549999862909317, 0.06069999933242798, 0.0551999993622303, 0.05620000138878822, 0.04780000075697899, 0.04280000180006027, 0.04820000007748604, 0.05640000104904175, 0.039000000804662704, 0.021400000900030136, 0.012000000104308128, 0.006899999920278788, 0.006899999920278788, 0.009600000455975533, 0.018699999898672104, 0.04149999842047691, 0.07850000262260437, 0.10329999774694443, 0.10360000282526016, 0.10239999741315842, 0.09319999814033508, 0.0803999975323677, 0.07540000230073929, 0.0723000019788742, 0.07850000262260437, 0.0714000016450882, 0.07419999688863754, 0.0714000016450882, 0.06610000133514404, 0.06859999895095825, 0.05829999968409538, 0.046799998730421066, 0.032099999487400055, 0.016300000250339508, 0.011599999852478504, 0.006399999838322401, 0.007600000128149986, 0.01080000028014183, 0.01860000006854534, 0.04430000111460686, 0.07940000295639038, 0.10239999741315842, 0.10209999978542328, 0.09650000184774399, 0.094200000166893, 0.08720000088214874, 0.08049999922513962, 0.07039999961853027, 0.08030000329017639, 0.0658000037074089, 0.07400000095367432, 0.0737999975681305, 0.06960000097751617, 0.06759999692440033, 0.05990000069141388, 0.04910000041127205, 0.03519999980926514, 0.017899999395012856, 0.010099999606609344, 0.006599999964237213, 0.007699999958276749, 0.00989999994635582, 0.01850000023841858, 0.047200001776218414, 0.0877000018954277, 0.12839999794960022, 0.13979999721050262, 0.09759999811649323, 0.09160000085830688, 0.08529999852180481, 0.07440000027418137, 0.0723000019788742, 0.07429999858140945, 0.08009999990463257, 0.0794999971985817, 0.0722000002861023, 0.06809999793767929, 0.0738999992609024, 0.061500001698732376, 0.06430000066757202, 0.04360000044107437, 0.02410000003874302, 0.01510000042617321, 0.011300000362098217, 0.007699999958276749, 0.012000000104308128, 0.022199999541044235, 0.052000001072883606, 0.0843999981880188, 0.10599999874830246, 0.09799999743700027, 0.09929999709129333, 0.08910000324249268, 0.08510000258684158, 0.08100000023841858, 0.08500000089406967, 0.07970000058412552, 0.07649999856948853, 0.08150000125169754, 0.07580000162124634, 0.0723000019788742, 0.06759999692440033, 0.06030000001192093, 0.07240000367164612, 0.07460000365972519, 0.051899999380111694, 0.025200000032782555, 0.016499999910593033, 0.01209999993443489, 0.009800000116229057, 0.012600000016391277, 0.02539999969303608, 0.03779999911785126, 0.0502999983727932, 0.0632999986410141, 0.07569999992847443, 0.08389999717473984, 0.08540000021457672, 0.0714000016450882, 0.07779999822378159, 0.07660000026226044, 0.07190000265836716, 0.07329999655485153, 0.07240000367164612, 0.07000000029802322, 0.06199999898672104, 0.05550000071525574, 0.06769999861717224, 0.06769999861717224, 0.04100000113248825, 0.030700000002980232, 0.011099999770522118, 0.00800000037997961, 0.008100000210106373, 0.009600000455975533, 0.013399999588727951, 0.020999999716877937, 0.03020000085234642, 0.03840000182390213, 0.05550000071525574, 0.06729999929666519, 0.07169999927282333, 0.07580000162124634, 0.07370000332593918, 0.07370000332593918, 0.07400000095367432, 0.07699999958276749, 0.06549999862909317, 0.05480000004172325, 0.05079999938607216, 0.06520000100135803, 0.05429999902844429, 0.03709999844431877, 0.019700000062584877, 0.013000000268220901, 0.007000000216066837, 0.005799999926239252, 0.008500000461935997, 0.02070000022649765, 0.04470000043511391, 0.08160000294446945, 0.15620000660419464, 0.13830000162124634, 0.10400000214576721, 0.09920000284910202, 0.0851999968290329, 0.07020000368356705, 0.09080000221729279, 0.2224999964237213, 0.07810000330209732, 0.07859999686479568, 0.07050000131130219, 0.07150000333786011, 0.07479999959468842, 0.0608999989926815, 0.06279999762773514, 0.06849999725818634, 0.028200000524520874, 0.015300000086426735, 0.007600000128149986, 0.009100000374019146, 0.007600000128149986, 0.014999999664723873, 0.03319999948143959, 0.06909999996423721, 0.11569999903440475, 0.10249999910593033, 0.10429999977350235, 0.094200000166893, 0.08869999647140503, 0.07729999721050262, 0.0794999971985817, 0.08100000023841858, 0.0746999979019165, 0.08209999650716782, 0.07569999992847443, 0.0706000030040741, 0.07129999995231628, 0.054999999701976776, 0.054099999368190765, 0.03929999843239784, 0.026900000870227814, 0.01140000019222498, 0.007600000128149986, 0.007199999876320362, 0.013500000350177288, 0.02329999953508377, 0.05299999937415123, 0.08590000122785568, 0.1136000007390976, 0.12319999933242798, 0.09539999812841415, 0.09130000323057175, 0.08349999785423279, 0.08879999816417694, 0.07779999822378159, 0.0778999999165535, 0.07479999959468842, 0.08380000293254852, 0.20250000059604645, 0.08449999988079071, 0.06199999898672104, 0.059300001710653305, 0.052799999713897705, 0.04100000113248825, 0.023099999874830246, 0.014000000432133675, 0.01209999993443489, 0.007600000128149986, 0.010300000198185444, 0.021400000900030136, 0.04919999837875366, 0.0925000011920929, 0.12269999831914902, 0.17499999701976776, 0.0982000008225441, 0.09030000120401382, 0.08309999853372574, 0.07670000195503235, 0.0803999975323677, 0.08730000257492065, 0.07460000365972519, 0.08070000261068344, 0.08100000023841858, 0.06880000233650208, 0.07339999824762344, 0.06610000133514404, 0.05570000037550926, 0.04540000110864639, 0.027799999341368675, 0.014600000344216824, 0.008999999612569809, 0.010400000028312206, 0.010900000110268593, 0.019700000062584877, 0.04560000076889992, 0.08540000021457672, 0.10119999945163727, 0.1006999984383583, 0.09160000085830688, 0.09830000251531601, 0.08619999885559082, 0.08330000191926956, 0.09239999949932098, 0.08079999685287476, 0.07980000227689743, 0.08100000023841858, 0.08839999884366989, 0.07519999891519547, 0.07339999824762344, 0.05559999868273735, 0.06199999898672104, 0.04659999907016754, 0.02930000051856041, 0.016100000590085983, 0.010999999940395355, 0.009600000455975533, 0.007600000128149986, 0.020800000056624413, 0.023900000378489494, 0.03310000151395798, 0.046799998730421066, 0.06030000001192093, 0.06909999996423721, 0.0746999979019165, 0.07609999924898148, 0.07699999958276749, 0.07959999889135361, 0.05130000039935112, 0.15760000050067902, 0.07090000063180923, 0.06889999657869339, 0.07240000367164612, 0.057500001043081284, 0.05779999867081642, 0.060100000351667404, 0.052400000393390656, 0.0340999998152256, 0.02459999918937683, 0.013500000350177288, 0.005900000222027302, 0.005400000140070915, 0.009800000116229057, 0.012000000104308128, 0.02329999953508377, 0.026900000870227814, 0.03889999911189079, 0.05550000071525574, 0.06750000268220901, 0.07519999891519547, 0.0722000002861023, 0.07079999893903732, 0.07050000131130219, 0.0731000006198883, 0.07050000131130219, 0.06669999659061432, 0.05990000069141388, 0.0551999993622303, 0.060499999672174454, 0.05849999934434891, 0.043299999088048935, 0.024900000542402267, 0.0142000000923872, 0.007499999832361937, 0.007899999618530273, 0.011500000022351742, 0.02319999970495701, 0.048500001430511475, 0.08720000088214874, 0.11010000109672546, 0.10080000013113022, 0.09640000015497208, 0.11559999734163284, 0.09149999916553497, 0.07410000264644623, 0.08129999786615372, 0.0925000011920929, 0.08079999685287476, 0.08110000193119049, 0.06930000334978104, 0.06849999725818634, 0.060100000351667404, 0.05009999871253967, 0.05790000036358833, 0.051899999380111694, 0.02800000086426735, 0.01510000042617321, 0.007400000002235174, 0.007499999832361937, 0.008899999782443047, 0.020999999716877937, 0.04919999837875366, 0.0851999968290329, 0.11500000208616257, 0.10379999876022339, 0.09969999641180038, 0.09749999642372131, 0.09149999916553497, 0.09730000048875809, 0.07859999686479568, 0.0820000022649765, 0.07450000196695328, 0.08060000091791153, 0.0877000018954277, 0.07479999959468842, 0.08020000159740448, 0.059700001031160355, 0.05180000141263008, 0.03400000184774399, 0.020999999716877937, 0.011800000444054604, 0.008899999782443047, 0.007300000172108412, 0.012799999676644802, 0.02019999921321869, 0.05169999971985817, 0.0869000032544136, 0.11410000175237656, 0.10939999669790268, 0.10740000009536743, 0.10760000348091125, 0.1234000027179718, 0.08169999718666077, 0.08079999685287476, 0.08089999854564667, 0.08250000327825546, 0.07840000092983246, 0.16459999978542328, 0.11270000040531158, 0.07270000129938126, 0.065700002014637, 0.05290000140666962, 0.03709999844431877, 0.022199999541044235, 0.010599999688565731, 0.006399999838322401, 0.006500000134110451, 0.009200000204145908, 0.01979999989271164, 0.04780000075697899, 0.08340000361204147, 0.10499999672174454, 0.10540000349283218, 0.10589999705553055, 0.09570000320672989, 0.08699999749660492, 0.07339999824762344, 0.07739999890327454, 0.0835999995470047, 0.07519999891519547, 0.0786999985575676, 0.08030000329017639, 0.08250000327825546, 0.06949999928474426, 0.05220000073313713, 0.05979999899864197, 0.04259999841451645, 0.03370000049471855, 0.01489999983459711, 0.011699999682605267, 0.010999999940395355, 0.014000000432133675, 0.022199999541044235, 0.043699998408555984, 0.08190000057220459, 0.1096000000834465, 0.09600000083446503, 0.0917000025510788, 0.09149999916553497, 0.08869999647140503, 0.08449999988079071, 0.08349999785423279, 0.08969999849796295, 0.07829999923706055, 0.08169999718666077, 0.07880000025033951, 0.08569999784231186, 0.0835999995470047, 0.05550000071525574, 0.061799999326467514, 0.04650000110268593, 0.03139999881386757, 0.019200000911951065, 0.012600000016391277, 0.011599999852478504, 0.009800000116229057, 0.011099999770522118, 0.023499999195337296, 0.03680000081658363, 0.04879999905824661, 0.06270000338554382, 0.06729999929666519, 0.0722000002861023, 0.07620000094175339, 0.07959999889135361, 0.07750000059604645, 0.07739999890327454, 0.07519999891519547, 0.07890000194311142, 0.07370000332593918, 0.0658000037074089, 0.05939999967813492, 0.05820000171661377, 0.06509999930858612, 0.05050000175833702, 0.05350000038743019, 0.021400000900030136, 0.013500000350177288, 0.009200000204145908, 0.008200000040233135, 0.008100000210106373, 0.01269999984651804, 0.019200000911951065, 0.024399999529123306, 0.03790000081062317, 0.052799999713897705, 0.06830000132322311, 0.07400000095367432, 0.06970000267028809, 0.0689999982714653, 0.07490000128746033, 0.06780000030994415, 0.06719999760389328, 0.061000000685453415, 0.04910000041127205, 0.04580000042915344, 0.06430000066757202, 0.05310000106692314, 0.03959999978542328, 0.02290000021457672, 0.01269999984651804, 0.007600000128149986, 0.008100000210106373, 0.009100000374019146, 0.024000000208616257, 0.04600000008940697, 0.08380000293254852, 0.11509999632835388, 0.10130000114440918, 0.15469999611377716, 0.11879999935626984, 0.0820000022649765, 0.06930000334978104, 0.0794999971985817, 0.08150000125169754, 0.07240000367164612, 0.08079999685287476, 0.07660000026226044, 0.07530000060796738, 0.07970000058412552, 0.05480000004172325, 0.05400000140070915, 0.03150000050663948, 0.017400000244379044, 0.01080000028014183, 0.006099999882280827, 0.005799999926239252, 0.00860000029206276, 0.01899999938905239, 0.048700001090765, 0.08860000222921371, 0.12489999830722809, 0.12449999898672104, 0.10450000315904617, 0.08810000121593475, 0.09269999712705612, 0.18310000002384186, 0.10849999636411667, 0.08879999816417694, 0.08489999920129776, 0.08309999853372574, 0.07859999686479568, 0.07670000195503235, 0.07760000228881836, 0.06620000302791595, 0.05220000073313713, 0.04259999841451645, 0.02250000089406967, 0.018300000578165054, 0.01810000091791153, 0.00989999994635582, 0.01489999983459711, 0.020800000056624413, 0.04969999939203262, 0.08340000361204147, 0.2752000093460083, 0.1234000027179718, 0.10130000114440918, 0.093299999833107, 0.08299999684095383, 0.07720000296831131, 0.08169999718666077, 0.08460000157356262, 0.07890000194311142, 0.07940000295639038, 0.07670000195503235, 0.07400000095367432, 0.07079999893903732, 0.06480000168085098, 0.05380000174045563, 0.04650000110268593, 0.02630000002682209, 0.01080000028014183, 0.0071000000461936, 0.007000000216066837, 0.009399999864399433, 0.019099999219179153, 0.042100001126527786, 0.0803999975323677, 0.10729999840259552, 0.1695999950170517, 0.18780000507831573, 0.0940999984741211, 0.08479999750852585, 0.07400000095367432, 0.08030000329017639, 0.07890000194311142, 0.07479999959468842, 0.07689999788999557, 0.06880000233650208, 0.06620000302791595, 0.0754999965429306, 0.06120000034570694, 0.05490000173449516, 0.039400000125169754, 0.020500000566244125, 0.013399999588727951, 0.010900000110268593, 0.00989999994635582, 0.019099999219179153, 0.02370000071823597, 0.049800001084804535, 0.07649999856948853, 0.09539999812841415, 0.09830000251531601, 0.10700000077486038, 0.0949999988079071, 0.07530000060796738, 0.0877000018954277, 0.08449999988079071, 0.08229999989271164, 0.07639999687671661, 0.0820000022649765, 0.07970000058412552, 0.07760000228881836, 0.07190000265836716, 0.06279999762773514, 0.062300000339746475, 0.052400000393390656, 0.03350000083446503, 0.019099999219179153, 0.014100000262260437, 0.010400000028312206, 0.01209999993443489, 0.017500000074505806, 0.0210999995470047, 0.031700000166893005, 0.04749999940395355, 0.06369999796152115, 0.06989999860525131, 0.07959999889135361, 0.07079999893903732, 0.07349999994039536, 0.07670000195503235, 0.07609999924898148, 0.08070000261068344, 0.07760000228881836, 0.0723000019788742, 0.06520000100135803, 0.06270000338554382, 0.05719999969005585, 0.06369999796152115, 0.05689999833703041, 0.03759999945759773, 0.01549999974668026, 0.00989999994635582, 0.007300000172108412, 0.00570000009611249, 0.008299999870359898, 0.010499999858438969, 0.01720000058412552, 0.026200000196695328, 0.03700000047683716, 0.05420000106096268, 0.06430000066757202, 0.06639999896287918, 0.06449999660253525, 0.06679999828338623, 0.06679999828338623, 0.06679999828338623, 0.06769999861717224, 0.0608999989926815, 0.05079999938607216, 0.04800000041723251, 0.053599998354911804, 0.05000000074505806, 0.03590000048279762, 0.019500000402331352, 0.014499999582767487, 0.009499999694526196, 0.006599999964237213, 0.010499999858438969, 0.02019999921321869, 0.046300001442432404, 0.08550000190734863, 0.10580000281333923, 0.10589999705553055, 0.18520000576972961, 0.09989999979734421, 0.07750000059604645, 0.07729999721050262, 0.0794999971985817, 0.08290000259876251, 0.07599999755620956, 0.08100000023841858, 0.07259999960660934, 0.07689999788999557, 0.0723000019788742, 0.06210000067949295, 0.0478999987244606, 0.03519999980926514, 0.01769999973475933, 0.01119999960064888, 0.007000000216066837, 0.00839999970048666, 0.00930000003427267, 0.019899999722838402, 0.047200001776218414, 0.08860000222921371, 0.10980000346899033, 0.12250000238418579, 0.28360000252723694, 0.10909999907016754, 0.08100000023841858, 0.0754999965429306, 0.08190000057220459, 0.08089999854564667, 0.07729999721050262, 0.0786999985575676, 0.07800000160932541, 0.06960000097751617, 0.07609999924898148, 0.05999999865889549, 0.05169999971985817, 0.039799999445676804, 0.032499998807907104, 0.0142000000923872, 0.00860000029206276, 0.007600000128149986, 0.010300000198185444, 0.020999999716877937, 0.057100001722574234, 0.08569999784231186, 0.12280000001192093, 0.11869999766349792, 0.27549999952316284, 0.10300000011920929, 0.0851999968290329, 0.07729999721050262, 0.08030000329017639, 0.08179999887943268, 0.08399999886751175, 0.07720000296831131, 0.07410000264644623, 0.07750000059604645, 0.07509999722242355, 0.06750000268220901, 0.058400001376867294, 0.04470000043511391, 0.02329999953508377, 0.015599999576807022, 0.00930000003427267, 0.007300000172108412, 0.012900000438094139, 0.02459999918937683, 0.053700000047683716, 0.09399999678134918, 0.11680000275373459, 0.15320000052452087, 0.19629999995231628, 0.09200000017881393, 0.08739999681711197, 0.0778999999165535, 0.07680000364780426, 0.07720000296831131, 0.07460000365972519, 0.0794999971985817, 0.0794999971985817, 0.07859999686479568, 0.0778999999165535, 0.06300000101327896, 0.06340000033378601, 0.04560000076889992, 0.027799999341368675, 0.015399999916553497, 0.007799999788403511, 0.01269999984651804, 0.013299999758601189, 0.01850000023841858, 0.044199999421834946, 0.08100000023841858, 0.09849999845027924, 0.09759999811649323, 0.09640000015497208, 0.08910000324249268, 0.08349999785423279, 0.08240000158548355, 0.08470000326633453, 0.08290000259876251, 0.07680000364780426, 0.08030000329017639, 0.07599999755620956, 0.07119999825954437, 0.06589999794960022, 0.059700001031160355, 0.05660000070929527, 0.04529999941587448, 0.027699999511241913, 0.015799999237060547, 0.009800000116229057, 0.008999999612569809, 0.009600000455975533, 0.009600000455975533, 0.017100000753998756, 0.028300000354647636, 0.03959999978542328, 0.051600001752376556, 0.06030000001192093, 0.06639999896287918, 0.06769999861717224, 0.06520000100135803, 0.06880000233650208, 0.0681999996304512, 0.06710000336170197, 0.06800000369548798, 0.05939999967813492, 0.054099999368190765, 0.054099999368190765, 0.04610000178217888, 0.04670000076293945, 0.041099999099969864, 0.025599999353289604, 0.015799999237060547, 0.011699999682605267, 0.009200000204145908, 0.004999999888241291, 0.00930000003427267, 0.009800000116229057, 0.019899999722838402, 0.03009999915957451, 0.04100000113248825, 0.05640000104904175, 0.06830000132322311, 0.06419999897480011, 0.06560000032186508, 0.06599999964237213, 0.06159999966621399, 0.06129999831318855, 0.05869999900460243, 0.05429999902844429, 0.054499998688697815, 0.048700001090765, 0.05290000140666962, 0.04820000007748604, 0.042100001126527786, 0.029600000008940697, 0.016100000590085983, 0.00839999970048666, 0.006300000008195639, 0.009499999694526196, 0.01080000028014183, 0.011800000444054604, 0.01549999974668026, 0.026100000366568565, 0.03200000151991844, 0.04650000110268593, 0.05260000005364418, 0.060499999672174454, 0.05480000004172325, 0.05959999933838844, 0.057100001722574234, 0.05810000002384186, 0.05169999971985817, 0.05730000138282776, 0.052000001072883606, 0.05260000005364418, 0.054499998688697815, 0.04560000076889992, 0.051899999380111694, 0.04410000145435333, 0.01510000042617321, 0.009600000455975533, 0.004999999888241291, 0.010700000450015068, 0.017000000923871994, 0.039000000804662704, 0.06719999760389328, 0.10980000346899033, 0.10429999977350235, 0.0997999981045723, 0.08829999715089798, 0.07919999957084656, 0.06920000165700912, 0.07410000264644623, 0.0778999999165535, 0.0697999969124794, 0.07410000264644623, 0.06939999759197235, 0.06750000268220901, 0.06400000303983688, 0.05290000140666962, 0.0478999987244606, 0.039000000804662704, 0.020600000396370888, 0.010200000368058681, 0.007699999958276749, 0.007899999618530273, 0.009200000204145908, 0.02319999970495701, 0.052299998700618744, 0.08550000190734863, 0.11209999769926071, 0.1062999963760376, 0.06599999964237213, 0.06480000168085098, 0.0835999995470047, 0.07460000365972519, 0.07829999923706055, 0.08110000193119049, 0.07580000162124634, 0.08070000261068344, 0.07580000162124634, 0.07760000228881836, 0.07320000231266022, 0.06589999794960022, 0.056299999356269836, 0.04179999977350235, 0.02449999935925007, 0.015699999406933784, 0.00839999970048666, 0.007199999876320362, 0.00839999970048666, 0.021199999377131462, 0.04699999839067459, 0.08630000054836273, 0.12639999389648438, 0.13429999351501465, 0.11469999700784683, 0.09870000183582306, 0.08370000123977661, 0.08049999922513962, 0.08290000259876251, 0.09019999951124191, 0.07660000026226044, 0.07599999755620956, 0.07569999992847443, 0.07370000332593918, 0.06340000033378601, 0.06939999759197235, 0.05979999899864197, 0.051100000739097595, 0.03669999912381172, 0.01759999990463257, 0.010200000368058681, 0.008100000210106373, 0.013100000098347664, 0.01940000057220459, 0.04360000044107437, 0.07739999890327454, 0.20440000295639038, 0.14090000092983246, 0.09769999980926514, 0.0820000022649765, 0.07750000059604645, 0.08320000022649765, 0.08269999921321869, 0.08269999921321869, 0.07819999754428864, 0.0786999985575676, 0.08219999819993973, 0.05909999832510948, 0.06350000202655792, 0.06639999896287918, 0.0640999972820282, 0.05719999969005585, 0.03750000149011612, 0.028999999165534973, 0.01269999984651804, 0.013500000350177288, 0.012299999594688416, 0.016200000420212746, 0.019999999552965164, 0.03400000184774399, 0.04619999974966049, 0.0640999972820282, 0.06620000302791595, 0.07729999721050262, 0.07850000262260437, 0.0689999982714653, 0.07479999959468842, 0.08209999650716782, 0.07519999891519547, 0.0771000012755394, 0.07479999959468842, 0.0658000037074089, 0.05920000001788139, 0.05719999969005585, 0.0575999990105629, 0.053599998354911804, 0.0471000000834465, 0.025499999523162842, 0.014000000432133675, 0.011800000444054604, 0.007600000128149986, 0.010599999688565731, 0.014999999664723873, 0.025100000202655792, 0.02630000002682209, 0.05299999937415123, 0.05079999938607216, 0.06369999796152115, 0.07729999721050262, 0.0835999995470047, 0.06830000132322311, 0.0763000026345253, 0.07500000298023224, 0.07159999758005142, 0.06589999794960022, 0.0632999986410141, 0.05909999832510948, 0.06499999761581421, 0.05810000002384186, 0.042100001126527786, 0.03539999946951866, 0.01209999993443489, 0.007799999788403511, 0.005499999970197678, 0.012799999676644802, 0.016499999910593033, 0.04039999842643738, 0.08100000023841858, 0.10419999808073044, 0.1931000053882599, 0.22689999639987946, 0.09000000357627869, 0.08089999854564667, 0.07490000128746033, 0.07530000060796738, 0.07739999890327454, 0.0723000019788742, 0.07519999891519547, 0.07289999723434448, 0.06920000165700912, 0.07010000199079514, 0.05290000140666962, 0.04520000144839287, 0.03229999914765358, 0.01730000041425228, 0.02070000022649765, 0.008999999612569809, 0.006399999838322401, 0.011699999682605267, 0.01720000058412552, 0.04490000009536743, 0.08560000360012054, 0.11190000176429749, 0.11060000211000443, 0.19110000133514404, 0.09709999710321426, 0.09099999815225601, 0.07819999754428864, 0.07940000295639038, 0.08349999785423279, 0.07519999891519547, 0.07580000162124634, 0.07909999787807465, 0.06909999996423721, 0.06700000166893005, 0.0778999999165535, 0.05609999969601631, 0.03970000147819519, 0.03720000013709068, 0.02290000021457672, 0.01510000042617321, 0.008500000461935997, 0.008299999870359898, 0.01889999955892563, 0.04989999905228615, 0.09000000357627869, 0.11569999903440475, 0.1111999973654747, 0.19550000131130219, 0.13570000231266022, 0.08879999816417694, 0.08739999681711197, 0.08299999684095383, 0.08749999850988388, 0.07850000262260437, 0.08569999784231186, 0.07500000298023224, 0.07840000092983246, 0.0771000012755394, 0.0649000033736229, 0.05469999834895134, 0.043299999088048935, 0.028200000524520874, 0.012199999764561653, 0.01080000028014183, 0.006899999920278788, 0.011599999852478504, 0.026900000870227814, 0.0471000000834465, 0.08730000257492065, 0.11500000208616257, 0.19930000603199005, 0.1973000019788742, 0.1023000031709671, 0.0851999968290329, 0.07890000194311142, 0.0778999999165535, 0.0835999995470047, 0.08089999854564667, 0.07940000295639038, 0.07620000094175339, 0.0737999975681305, 0.0794999971985817, 0.06560000032186508, 0.06870000064373016, 0.04410000145435333, 0.03280000016093254, 0.01769999973475933, 0.008700000122189522, 0.007499999832361937, 0.009700000286102295, 0.020500000566244125, 0.04529999941587448, 0.09260000288486481, 0.10350000113248825, 0.10660000145435333, 0.09640000015497208, 0.08910000324249268, 0.08489999920129776, 0.0843999981880188, 0.11460000276565552, 0.07750000059604645, 0.07440000027418137, 0.07639999687671661, 0.0738999992609024, 0.07349999994039536, 0.07119999825954437, 0.07039999961853027, 0.05779999867081642, 0.05380000174045563, 0.03869999945163727, 0.029600000008940697, 0.015399999916553497, 0.009100000374019146, 0.012199999764561653, 0.01209999993443489, 0.02459999918937683, 0.0333000011742115, 0.049300000071525574, 0.06350000202655792, 0.07590000331401825, 0.08569999784231186, 0.07940000295639038, 0.07410000264644623, 0.08049999922513962, 0.0812000036239624, 0.07980000227689743, 0.0754999965429306, 0.07970000058412552, 0.07769999653100967, 0.061400000005960464, 0.061799999326467514, 0.06800000369548798, 0.06279999762773514, 0.03519999980926514, 0.017100000753998756, 0.010700000450015068, 0.008100000210106373, 0.007000000216066837, 0.0071000000461936, 0.010099999606609344, 0.018400000408291817, 0.026900000870227814, 0.035599999129772186, 0.04830000177025795, 0.05689999833703041, 0.06560000032186508, 0.07150000333786011, 0.06889999657869339, 0.06930000334978104, 0.06909999996423721, 0.06949999928474426, 0.06750000268220901, 0.06040000170469284, 0.0544000007212162, 0.052000001072883606, 0.051600001752376556, 0.03750000149011612, 0.02070000022649765, 0.01549999974668026, 0.007699999958276749, 0.005900000222027302, 0.013399999588727951, 0.022099999710917473, 0.042100001126527786, 0.08429999649524689, 0.10679999738931656, 0.10509999841451645, 0.23270000517368317, 0.09030000120401382, 0.08309999853372574, 0.08510000258684158, 0.07400000095367432, 0.0778999999165535, 0.08070000261068344, 0.0794999971985817, 0.07859999686479568, 0.07810000330209732, 0.07909999787807465, 0.0632999986410141, 0.05040000006556511, 0.03420000150799751, 0.02669999934732914, 0.011900000274181366, 0.012199999764561653, 0.009499999694526196, 0.008999999612569809, 0.02019999921321869, 0.05139999836683273, 0.08380000293254852, 0.12530000507831573, 0.20999999344348907, 0.31049999594688416, 0.21950000524520874, 0.08820000290870667, 0.08049999922513962, 0.07829999923706055, 0.08420000225305557, 0.06960000097751617, 0.07829999923706055, 0.07400000095367432, 0.07440000027418137, 0.06989999860525131, 0.06520000100135803, 0.05400000140070915, 0.03889999911189079, 0.02329999953508377, 0.011599999852478504, 0.006899999920278788, 0.00800000037997961, 0.008500000461935997, 0.018200000748038292, 0.0430000014603138, 0.07850000262260437, 0.10639999806880951, 0.14419999718666077, 0.21870000660419464, 0.09099999815225601, 0.08669999986886978, 0.08060000091791153, 0.0794999971985817, 0.08060000091791153, 0.07689999788999557, 0.0731000006198883, 0.07240000367164612, 0.06790000200271606, 0.07109999656677246, 0.06650000065565109, 0.053599998354911804, 0.03680000081658363, 0.020600000396370888, 0.014700000174343586, 0.008500000461935997, 0.007499999832361937, 0.00930000003427267, 0.02070000022649765, 0.048500001430511475, 0.08839999884366989, 0.11240000277757645, 0.13899999856948853, 0.10790000110864639, 0.08990000188350677, 0.0860000029206276, 0.07819999754428864, 0.08259999752044678, 0.08269999921321869, 0.07989999651908875, 0.08169999718666077, 0.218299999833107, 0.22450000047683716, 0.0010999999940395355, 0.0, 0.0, 0.0, 0.01590000092983246, 0.006000000052154064, 0.0, 0.0, 0.0, 0.0, 0.0, 0.06319999694824219, 0.10939999669790268, 0.10350000113248825, 0.0966000035405159, 0.08810000121593475, 0.08749999850988388, 0.0843999981880188, 0.08380000293254852, 0.08089999854564667, 0.07779999822378159, 0.07559999823570251, 0.07090000063180923, 0.07079999893903732, 0.06390000134706497, 0.07010000199079514, 0.06440000236034393, 0.05719999969005585, 0.03539999946951866, 0.02500000037252903, 0.011099999770522118, 0.011099999770522118, 0.012600000016391277, 0.0142000000923872, 0.024700000882148743, 0.033900000154972076, 0.04879999905824661, 0.06859999895095825, 0.07540000230073929, 0.08060000091791153, 0.08009999990463257, 0.08209999650716782, 0.07769999653100967, 0.07450000196695328, 0.08009999990463257, 0.07779999822378159, 0.07540000230073929, 0.0763000026345253, 0.06030000001192093, 0.05620000138878822, 0.05860000103712082, 0.055799998342990875, 0.03970000147819519, 0.022700000554323196, 0.014499999582767487, 0.012400000356137753, 0.010400000028312206, 0.011800000444054604, 0.01080000028014183, 0.019600000232458115, 0.0340999998152256, 0.04450000077486038, 0.05460000038146973, 0.0706000030040741, 0.07029999792575836, 0.07020000368356705, 0.06780000030994415, 0.07440000027418137, 0.0697999969124794, 0.06970000267028809, 0.061799999326467514, 0.062199998646974564, 0.05689999833703041, 0.05979999899864197, 0.05510000139474869, 0.04259999841451645, 0.025200000032782555, 0.012299999594688416, 0.012500000186264515, 0.008700000122189522, 0.00800000037997961, 0.020600000396370888, 0.04520000144839287, 0.08309999853372574, 0.10499999672174454, 0.10809999704360962, 0.12160000205039978, 0.11270000040531158, 0.08820000290870667, 0.07699999958276749, 0.07339999824762344, 0.07959999889135361, 0.08129999786615372, 0.07720000296831131, 0.07109999656677246, 0.07249999791383743, 0.07400000095367432, 0.06400000303983688, 0.05009999871253967, 0.03689999878406525, 0.020999999716877937, 0.0142000000923872, 0.008799999952316284, 0.00930000003427267, 0.010900000110268593, 0.020400000736117363, 0.05090000107884407, 0.08579999953508377, 0.10830000042915344, 0.125900000333786, 0.18289999663829803, 0.11860000342130661, 0.08380000293254852, 0.08460000157356262, 0.07609999924898148, 0.08560000360012054, 0.07419999688863754, 0.0706000030040741, 0.06859999895095825, 0.08089999854564667, 0.07620000094175339, 0.06239999830722809, 0.05380000174045563, 0.039799999445676804, 0.02449999935925007, 0.011699999682605267, 0.007000000216066837, 0.006300000008195639, 0.009399999864399433, 0.01810000091791153, 0.04729999974370003, 0.07199999690055847, 0.06480000168085098, 0.07159999758005142, 0.06019999831914902, 0.06019999831914902, 0.05779999867081642, 0.049800001084804535, 0.052400000393390656, 0.06669999659061432, 0.07850000262260437, 0.08150000125169754, 0.07720000296831131, 0.0738999992609024, 0.07720000296831131, 0.06750000268220901, 0.06080000102519989, 0.04039999842643738, 0.02370000071823597, 0.018799999728798866, 0.00860000029206276, 0.006500000134110451, 0.010099999606609344, 0.02160000056028366, 0.04769999906420708, 0.08699999749660492, 0.11309999972581863, 0.10559999942779541, 0.09430000185966492, 0.09059999883174896, 0.09880000352859497, 0.08079999685287476, 0.06040000170469284, 0.07039999961853027, 0.05339999869465828, 0.061400000005960464, 0.05559999868273735, 0.05310000106692314, 0.05730000138282776, 0.06430000066757202, 0.05139999836683273, 0.03229999914765358, 0.027000000700354576, 0.014499999582767487, 0.008700000122189522, 0.006899999920278788, 0.008100000210106373, 0.01640000008046627, 0.03530000150203705, 0.06440000236034393, 0.07760000228881836, 0.10320000350475311, 0.09570000320672989, 0.0892999991774559, 0.08980000019073486, 0.07999999821186066, 0.08209999650716782, 0.07850000262260437, 0.07660000026226044, 0.07779999822378159, 0.0803999975323677, 0.07729999721050262, 0.07339999824762344, 0.06870000064373016, 0.06350000202655792, 0.05429999902844429, 0.036400001496076584, 0.028599999845027924, 0.016300000250339508, 0.02710000053048134, 0.013000000268220901, 0.03020000085234642, 0.02500000037252903, 0.0414000004529953, 0.048700001090765, 0.06300000101327896, 0.07029999792575836, 0.07999999821186066, 0.07800000160932541, 0.0723000019788742, 0.07670000195503235, 0.07859999686479568, 0.07639999687671661, 0.07349999994039536, 0.07039999961853027, 0.07479999959468842, 0.06589999794960022, 0.06719999760389328, 0.06509999930858612, 0.07000000029802322, 0.04699999839067459, 0.041999999433755875, 0.024299999698996544, 0.010599999688565731, 0.009999999776482582, 0.016100000590085983, 0.014000000432133675, 0.030700000002980232, 0.032499998807907104, 0.039000000804662704, 0.057100001722574234, 0.06809999793767929, 0.07500000298023224, 0.06689999997615814, 0.07460000365972519, 0.07750000059604645, 0.07180000096559525, 0.06880000233650208, 0.06780000030994415, 0.05860000103712082, 0.061500001698732376, 0.06129999831318855, 0.05920000001788139, 0.051600001752376556, 0.039799999445676804, 0.018799999728798866, 0.008299999870359898, 0.007499999832361937, 0.008799999952316284, 0.017899999395012856, 0.042500000447034836, 0.07509999722242355, 0.09650000184774399, 0.09749999642372131, 0.11469999700784683, 0.08420000225305557, 0.07090000063180923, 0.07609999924898148, 0.07370000332593918, 0.07859999686479568, 0.06939999759197235, 0.07840000092983246, 0.07050000131130219, 0.07079999893903732, 0.06970000267028809, 0.05510000139474869, 0.045499999076128006, 0.03310000151395798, 0.018200000748038292, 0.019300000742077827, 0.009399999864399433, 0.006599999964237213, 0.009499999694526196, 0.020400000736117363, 0.04439999908208847, 0.08640000224113464, 0.10840000212192535, 0.1096000000834465, 0.09380000084638596, 0.08829999715089798, 0.08500000089406967, 0.07800000160932541, 0.0754999965429306, 0.093299999833107, 0.07429999858140945, 0.07660000026226044, 0.07859999686479568, 0.07440000027418137, 0.0746999979019165, 0.06560000032186508, 0.05660000070929527, 0.03790000081062317, 0.02669999934732914, 0.01769999973475933, 0.011800000444054604, 0.006300000008195639, 0.008899999782443047, 0.021700000390410423, 0.045099999755620956, 0.0812000036239624, 0.10719999670982361, 0.10849999636411667, 0.10029999911785126, 0.08760000020265579, 0.0860000029206276, 0.07819999754428864, 0.07989999651908875, 0.08829999715089798, 0.07739999890327454, 0.0851999968290329, 0.07500000298023224, 0.0731000006198883, 0.07360000163316727, 0.06679999828338623, 0.05779999867081642, 0.04010000079870224, 0.026200000196695328, 0.01209999993443489, 0.007400000002235174, 0.007600000128149986, 0.015200000256299973, 0.01850000023841858, 0.060100000351667404, 0.08370000123977661, 0.10939999669790268, 0.10090000182390213, 0.07150000333786011, 0.06019999831914902, 0.06719999760389328, 0.08780000358819962, 0.08349999785423279, 0.08550000190734863, 0.07450000196695328, 0.08100000023841858, 0.07479999959468842, 0.07500000298023224, 0.0723000019788742, 0.07370000332593918, 0.05849999934434891, 0.04749999940395355, 0.03579999879002571, 0.017500000074505806, 0.011599999852478504, 0.012500000186264515, 0.011900000274181366, 0.021800000220537186, 0.04839999973773956, 0.08309999853372574, 0.10809999704360962, 0.09709999710321426, 0.09489999711513519, 0.0966000035405159, 0.0835999995470047, 0.07850000262260437, 0.09080000221729279, 0.0851999968290329, 0.066600002348423, 0.08079999685287476, 0.07880000025033951, 0.08049999922513962, 0.07689999788999557, 0.06109999865293503, 0.06120000034570694, 0.06040000170469284, 0.030700000002980232, 0.016499999910593033, 0.009800000116229057, 0.008299999870359898, 0.008100000210106373, 0.010700000450015068, 0.019200000911951065, 0.026900000870227814, 0.039799999445676804, 0.05260000005364418, 0.06480000168085098, 0.08100000023841858, 0.07349999994039536, 0.07329999655485153, 0.07339999824762344, 0.07069999724626541, 0.07209999859333038, 0.07280000299215317, 0.07249999791383743, 0.06390000134706497, 0.05900000035762787, 0.05429999902844429, 0.058800000697374344, 0.05559999868273735, 0.039000000804662704, 0.022600000724196434, 0.015300000086426735, 0.009200000204145908, 0.008100000210106373, 0.008799999952316284, 0.010999999940395355, 0.017100000753998756, 0.02370000071823597, 0.04089999943971634, 0.051500000059604645, 0.06800000369548798, 0.08100000023841858, 0.0723000019788742, 0.07100000232458115, 0.07119999825954437, 0.06530000269412994, 0.07169999927282333, 0.06790000200271606, 0.0632999986410141, 0.05790000036358833, 0.06199999898672104, 0.05889999866485596, 0.043800000101327896, 0.02810000069439411, 0.015699999406933784, 0.010599999688565731, 0.006099999882280827, 0.009600000455975533, 0.019700000062584877, 0.04529999941587448, 0.07999999821186066, 0.1005999967455864, 0.10170000046491623, 0.10080000013113022, 0.09059999883174896, 0.07800000160932541, 0.0754999965429306, 0.07240000367164612, 0.08659999817609787, 0.07590000331401825, 0.08169999718666077, 0.08070000261068344, 0.07509999722242355, 0.08219999819993973, 0.06440000236034393, 0.0502999983727932, 0.03550000116229057, 0.0272000003606081, 0.010700000450015068, 0.006200000178068876, 0.007899999618530273, 0.00989999994635582, 0.02019999921321869, 0.033399999141693115, 0.0778999999165535, 0.10859999805688858, 0.1386999934911728, 0.09759999811649323, 0.09009999781847, 0.07129999995231628, 0.07540000230073929, 0.08760000020265579, 0.0812000036239624, 0.0714000016450882, 0.07760000228881836, 0.07609999924898148, 0.07590000331401825, 0.07410000264644623, 0.060100000351667404, 0.04919999837875366, 0.03310000151395798, 0.018699999898672104, 0.01510000042617321, 0.011800000444054604, 0.006500000134110451, 0.008999999612569809, 0.02329999953508377, 0.04580000042915344, 0.08259999752044678, 0.10920000076293945, 0.10540000349283218, 0.09730000048875809, 0.0949999988079071, 0.08749999850988388, 0.07800000160932541, 0.08349999785423279, 0.07999999821186066, 0.07779999822378159, 0.08060000091791153, 0.07900000363588333, 0.07000000029802322, 0.07580000162124634, 0.06589999794960022, 0.06270000338554382, 0.041099999099969864, 0.023800000548362732, 0.015200000256299973, 0.00860000029206276, 0.008299999870359898, 0.012799999676644802, 0.018400000408291817, 0.04780000075697899, 0.08190000057220459, 0.11020000278949738, 0.10779999941587448, 0.09570000320672989, 0.08739999681711197, 0.09279999881982803, 0.09369999915361404, 0.07320000231266022, 0.08129999786615372, 0.07429999858140945, 0.08020000159740448, 0.07530000060796738, 0.0746999979019165, 0.07249999791383743, 0.06650000065565109, 0.05609999969601631, 0.042500000447034836, 0.022299999371170998, 0.01720000058412552, 0.00800000037997961, 0.00839999970048666, 0.0142000000923872, 0.026399999856948853, 0.04969999939203262, 0.08160000294446945, 0.10610000044107437, 0.09749999642372131, 0.08919999748468399, 0.08810000121593475, 0.08389999717473984, 0.08349999785423279, 0.0812000036239624, 0.0803999975323677, 0.08160000294446945, 0.08489999920129776, 0.07980000227689743, 0.0778999999165535, 0.08179999887943268, 0.062199998646974564, 0.06300000101327896, 0.05169999971985817, 0.029999999329447746, 0.01860000006854534, 0.012000000104308128, 0.010200000368058681, 0.009700000286102295, 0.013500000350177288, 0.023399999365210533, 0.0215000007301569, 0.039000000804662704, 0.0478999987244606, 0.05429999902844429, 0.07190000265836716, 0.07259999960660934, 0.07349999994039536, 0.07540000230073929, 0.07760000228881836, 0.0778999999165535, 0.07450000196695328, 0.07729999721050262, 0.0722000002861023, 0.06279999762773514, 0.05510000139474869, 0.061000000685453415, 0.05260000005364418, 0.0357000008225441, 0.027799999341368675, 0.011900000274181366, 0.012900000438094139, 0.008200000040233135, 0.007400000002235174, 0.012000000104308128, 0.018200000748038292, 0.0284000001847744, 0.04270000010728836, 0.05849999934434891, 0.07000000029802322, 0.07819999754428864, 0.07039999961853027, 0.07159999758005142, 0.07159999758005142, 0.07280000299215317, 0.0738999992609024, 0.0689999982714653, 0.06889999657869339, 0.07689999788999557, 0.06560000032186508, 0.051899999380111694, 0.040800001472234726, 0.03060000017285347, 0.019200000911951065, 0.00839999970048666, 0.006200000178068876, 0.009999999776482582, 0.02419999986886978, 0.046799998730421066, 0.08489999920129776, 0.10239999741315842, 0.10580000281333923, 0.09920000284910202, 0.0868000015616417, 0.08479999750852585, 0.08160000294446945, 0.0754999965429306, 0.08250000327825546, 0.08320000022649765, 0.08869999647140503, 0.08630000054836273, 0.07639999687671661, 0.08100000023841858, 0.059700001031160355, 0.04960000142455101, 0.041200000792741776, 0.020500000566244125, 0.010099999606609344, 0.005200000014156103, 0.006200000178068876, 0.009800000116229057, 0.019899999722838402, 0.04430000111460686, 0.07360000163316727, 0.0997999981045723, 0.1006999984383583, 0.09849999845027924, 0.09080000221729279, 0.08250000327825546, 0.07900000363588333, 0.07729999721050262, 0.08179999887943268, 0.07289999723434448, 0.07320000231266022, 0.0729999989271164, 0.06870000064373016, 0.08110000193119049, 0.05510000139474869, 0.04600000008940697, 0.03449999913573265, 0.019700000062584877, 0.009600000455975533, 0.007199999876320362, 0.006800000090152025, 0.009800000116229057, 0.01850000023841858, 0.04179999977350235, 0.0778999999165535, 0.13009999692440033, 0.10360000282526016, 0.093299999833107, 0.08240000158548355, 0.08540000021457672, 0.07329999655485153, 0.07670000195503235, 0.08370000123977661, 0.07370000332593918, 0.0763000026345253, 0.07270000129938126, 0.06989999860525131, 0.07429999858140945, 0.060100000351667404, 0.048500001430511475, 0.03460000082850456, 0.01850000023841858, 0.01269999984651804, 0.010099999606609344, 0.008700000122189522, 0.009800000116229057, 0.019899999722838402, 0.04360000044107437, 0.07760000228881836, 0.29330000281333923, 0.1395999938249588, 0.10209999978542328, 0.09099999815225601, 0.08489999920129776, 0.07419999688863754, 0.0812000036239624, 0.08380000293254852, 0.07029999792575836, 0.07429999858140945, 0.07370000332593918, 0.0681999996304512, 0.07509999722242355, 0.05950000137090683, 0.04780000075697899, 0.03849999979138374, 0.02239999920129776, 0.01730000041425228, 0.009600000455975533, 0.007300000172108412, 0.01119999960064888, 0.02539999969303608, 0.047600001096725464, 0.08460000157356262, 0.10260000079870224, 0.10490000247955322, 0.09520000219345093, 0.09080000221729279, 0.0835999995470047, 0.07930000126361847, 0.08429999649524689, 0.08980000019073486, 0.07819999754428864, 0.09220000356435776, 0.08479999750852585, 0.07580000162124634, 0.07559999823570251, 0.06830000132322311, 0.056299999356269836, 0.052400000393390656, 0.038600001484155655, 0.02239999920129776, 0.014499999582767487, 0.01119999960064888, 0.01080000028014183, 0.011900000274181366, 0.024000000208616257, 0.03269999846816063, 0.049400001764297485, 0.05820000171661377, 0.06909999996423721, 0.08179999887943268, 0.07890000194311142, 0.07329999655485153, 0.07410000264644623, 0.08250000327825546, 0.08290000259876251, 0.08179999887943268, 0.07779999822378159, 0.07400000095367432, 0.06689999997615814, 0.05730000138282776, 0.06129999831318855, 0.05139999836683273, 0.03460000082850456, 0.017100000753998756, 0.009600000455975533, 0.007699999958276749, 0.006399999838322401, 0.007400000002235174, 0.01140000019222498, 0.01640000008046627, 0.022299999371170998, 0.03449999913573265, 0.05009999871253967, 0.061400000005960464, 0.06840000301599503, 0.07020000368356705, 0.0754999965429306, 0.07609999924898148, 0.07460000365972519, 0.0706000030040741, 0.06840000301599503, 0.06239999830722809, 0.05860000103712082, 0.055799998342990875, 0.04859999939799309, 0.033900000154972076, 0.01850000023841858, 0.009200000204145908, 0.006399999838322401, 0.006399999838322401, 0.008899999782443047, 0.020600000396370888, 0.04639999940991402, 0.07720000296831131, 0.1720999926328659, 0.17949999868869781, 0.0966000035405159, 0.08889999985694885, 0.07980000227689743, 0.07599999755620956, 0.07259999960660934, 0.07800000160932541, 0.07329999655485153, 0.07559999823570251, 0.07530000060796738, 0.06889999657869339, 0.0746999979019165, 0.05660000070929527, 0.045099999755620956, 0.03020000085234642, 0.01979999989271164, 0.01119999960064888, 0.006099999882280827, 0.004999999888241291, 0.008500000461935997, 0.014800000004470348, 0.029200000688433647, 0.07689999788999557, 0.16920000314712524, 0.13760000467300415, 0.09350000321865082, 0.09749999642372131, 0.08630000054836273, 0.08820000290870667, 0.07880000025033951, 0.0877000018954277, 0.0778999999165535, 0.08370000123977661, 0.07509999722242355, 0.07370000332593918, 0.07840000092983246, 0.07000000029802322, 0.052400000393390656, 0.03610000014305115, 0.02969999983906746, 0.014000000432133675, 0.008700000122189522, 0.00570000009611249, 0.008799999952316284, 0.02239999920129776, 0.061400000005960464, 0.09239999949932098, 0.1257999986410141, 0.10729999840259552, 0.1039000004529953, 0.09380000084638596, 0.08760000020265579, 0.08389999717473984, 0.08049999922513962, 0.08720000088214874, 0.07660000026226044, 0.08079999685287476, 0.08009999990463257, 0.2386000007390976, 0.45820000767707825, 0.08569999784231186, 0.05380000174045563, 0.04450000077486038, 0.031700000166893005, 0.014800000004470348, 0.008200000040233135, 0.009600000455975533, 0.009399999864399433, 0.02449999935925007, 0.05169999971985817, 0.0892999991774559, 0.12070000171661377, 0.11840000003576279, 0.09839999675750732, 0.09449999779462814, 0.08950000256299973, 0.08540000021457672, 0.0851999968290329, 0.0868000015616417, 0.08100000023841858, 0.08150000125169754, 0.07989999651908875, 0.07479999959468842, 0.08569999784231186, 0.06719999760389328, 0.05570000037550926, 0.04390000179409981, 0.026200000196695328, 0.011099999770522118, 0.006899999920278788, 0.007199999876320362, 0.010700000450015068, 0.0210999995470047, 0.04320000112056732, 0.07720000296831131, 0.131400004029274, 0.10450000315904617, 0.09920000284910202, 0.08860000222921371, 0.08479999750852585, 0.08209999650716782, 0.08169999718666077, 0.08420000225305557, 0.07559999823570251, 0.07859999686479568, 0.0778999999165535, 0.06970000267028809, 0.08110000193119049, 0.06199999898672104, 0.05590000003576279, 0.05860000103712082, 0.04050000011920929, 0.023800000548362732, 0.013299999758601189, 0.012900000438094139, 0.009499999694526196, 0.011500000022351742, 0.0272000003606081, 0.03060000017285347, 0.045899998396635056, 0.05620000138878822, 0.07119999825954437, 0.07959999889135361, 0.08640000224113464, 0.07500000298023224, 0.07639999687671661, 0.08320000022649765, 0.08049999922513962, 0.08630000054836273, 0.07959999889135361, 0.06889999657869339, 0.06560000032186508, 0.061000000685453415, 0.06390000134706497, 0.05220000073313713, 0.030300000682473183, 0.020800000056624413, 0.02889999933540821, 0.007799999788403511, 0.007400000002235174, 0.009800000116229057, 0.012600000016391277, 0.01850000023841858, 0.020800000056624413, 0.035999998450279236, 0.05249999836087227, 0.06880000233650208, 0.07280000299215317, 0.07169999927282333, 0.061500001698732376, 0.07150000333786011, 0.0714000016450882, 0.08269999921321869, 0.0714000016450882, 0.0697999969124794, 0.06360000371932983, 0.06319999694824219, 0.05469999834895134, 0.045499999076128006, 0.022199999541044235, 0.012299999594688416, 0.007199999876320362, 0.0066999997943639755, 0.01269999984651804, 0.023499999195337296, 0.046799998730421066, 0.08349999785423279, 0.15049999952316284, 0.17000000178813934, 0.10790000110864639, 0.09309999644756317, 0.07919999957084656, 0.06539999693632126, 0.07519999891519547, 0.08030000329017639, 0.07880000025033951, 0.07980000227689743, 0.07509999722242355, 0.07000000029802322, 0.07440000027418137, 0.0551999993622303, 0.04740000143647194, 0.02979999966919422, 0.021400000900030136, 0.009800000116229057, 0.006899999920278788, 0.00559999980032444, 0.008100000210106373, 0.01899999938905239, 0.04879999905824661, 0.08579999953508377, 0.13580000400543213, 0.12919999659061432, 0.10019999742507935, 0.09019999951124191, 0.08540000021457672, 0.07919999957084656, 0.07649999856948853, 0.08139999955892563, 0.08380000293254852, 0.07890000194311142, 0.07180000096559525, 0.07840000092983246, 0.09070000052452087, 0.06620000302791595, 0.04969999939203262, 0.03420000150799751, 0.022099999710917473, 0.007300000172108412, 0.006500000134110451, 0.00570000009611249, 0.00989999994635582, 0.019700000062584877, 0.04270000010728836, 0.07880000025033951, 0.1395999938249588, 0.1826000064611435, 0.40130001306533813, 0.13600000739097595, 0.08479999750852585, 0.07329999655485153, 0.07940000295639038, 0.07919999957084656, 0.0722000002861023, 0.0763000026345253, 0.06840000301599503, 0.0674000009894371, 0.0729999989271164, 0.05609999969601631, 0.04780000075697899, 0.032099999487400055, 0.01810000091791153, 0.013000000268220901, 0.009499999694526196, 0.007000000216066837, 0.011800000444054604, 0.020999999716877937, 0.043800000101327896, 0.07750000059604645, 0.11100000143051147, 0.10499999672174454, 0.10589999705553055, 0.09309999644756317, 0.08299999684095383, 0.08129999786615372, 0.08240000158548355, 0.0835999995470047, 0.07209999859333038, 0.07109999656677246, 0.07020000368356705, 0.06970000267028809, 0.07810000330209732, 0.06109999865293503, 0.04740000143647194, 0.03480000048875809, 0.019099999219179153, 0.013199999928474426, 0.008899999782443047, 0.009100000374019146, 0.010200000368058681, 0.02329999953508377, 0.04820000007748604, 0.07500000298023224, 0.11490000039339066, 0.11469999700784683, 0.09459999948740005, 0.09009999781847, 0.07970000058412552, 0.07919999957084656, 0.08460000157356262, 0.08370000123977661, 0.07970000058412552, 0.08139999955892563, 0.08269999921321869, 0.0828000009059906, 0.07729999721050262, 0.05649999901652336, 0.061500001698732376, 0.05090000107884407, 0.0430000014603138, 0.020800000056624413, 0.013899999670684338, 0.00989999994635582, 0.00800000037997961, 0.012900000438094139, 0.0215000007301569, 0.026200000196695328, 0.0414000004529953, 0.05469999834895134, 0.06599999964237213, 0.07639999687671661, 0.07190000265836716, 0.1476999968290329, 0.06610000133514404, 0.07289999723434448, 0.07800000160932541, 0.0778999999165535, 0.06729999929666519, 0.06129999831318855, 0.059300001710653305, 0.05249999836087227, 0.05590000003576279, 0.0502999983727932, 0.042100001126527786, 0.0430000014603138, 0.017400000244379044, 0.011300000362098217, 0.0052999998442828655, 0.007000000216066837, 0.009800000116229057, 0.014399999752640724, 0.021900000050663948, 0.03400000184774399, 0.05130000039935112, 0.06989999860525131, 0.07119999825954437, 0.07289999723434448, 0.07169999927282333, 0.0658000037074089, 0.06920000165700912, 0.061400000005960464, 0.06069999933242798, 0.05490000173449516, 0.05460000038146973, 0.05790000036358833, 0.049300000071525574, 0.04050000011920929, 0.027400000020861626, 0.010900000110268593, 0.006599999964237213, 0.006200000178068876, 0.006200000178068876, 0.008700000122189522, 0.011800000444054604, 0.016699999570846558, 0.02410000003874302, 0.02710000053048134, 0.049300000071525574, 0.051600001752376556, 0.060100000351667404, 0.06109999865293503, 0.05849999934434891, 0.06350000202655792, 0.06499999761581421, 0.05310000106692314, 0.05079999938607216, 0.04919999837875366, 0.048900000751018524, 0.049800001084804535, 0.04450000077486038, 0.028599999845027924, 0.017500000074505806, 0.010900000110268593, 0.006599999964237213, 0.00559999980032444, 0.009200000204145908, 0.019700000062584877, 0.0551999993622303, 0.08869999647140503, 0.1315000057220459, 0.10350000113248825, 0.10509999841451645, 0.08429999649524689, 0.08179999887943268, 0.0851999968290329, 0.0729999989271164, 0.0851999968290329, 0.06809999793767929, 0.07259999960660934, 0.05590000003576279, 0.05939999967813492, 0.06539999693632126, 0.060499999672174454, 0.05079999938607216, 0.04179999977350235, 0.01549999974668026, 0.013399999588727951, 0.00839999970048666, 0.007300000172108412, 0.010999999940395355, 0.02070000022649765, 0.04960000142455101, 0.08760000020265579, 0.15919999778270721, 0.1363999992609024, 0.09780000150203705, 0.09920000284910202, 0.0989999994635582, 0.08070000261068344, 0.07810000330209732, 0.07370000332593918, 0.0803999975323677, 0.0794999971985817, 0.07240000367164612, 0.07779999822378159, 0.07599999755620956, 0.06679999828338623, 0.051100000739097595, 0.0364999994635582, 0.018400000408291817, 0.013700000010430813, 0.008100000210106373, 0.006599999964237213, 0.010499999858438969, 0.0215000007301569, 0.047200001776218414, 0.0957999974489212, 0.13519999384880066, 0.10289999842643738, 0.09749999642372131, 0.09690000116825104, 0.08609999716281891, 0.09279999881982803, 0.07699999958276749, 0.09390000253915787, 0.08259999752044678, 0.08470000326633453, 0.07810000330209732, 0.07680000364780426, 0.08399999886751175, 0.0608999989926815, 0.05480000004172325, 0.03750000149011612, 0.021900000050663948, 0.011900000274181366, 0.012199999764561653, 0.013799999840557575, 0.01119999960064888, 0.02319999970495701, 0.048700001090765, 0.09040000289678574, 0.1404000073671341, 0.10499999672174454, 0.09449999779462814, 0.0851999968290329, 0.08380000293254852, 0.07750000059604645, 0.08340000361204147, 0.07940000295639038, 0.0754999965429306, 0.08129999786615372, 0.07850000262260437, 0.07500000298023224, 0.07069999724626541, 0.06210000067949295, 0.055799998342990875, 0.05169999971985817, 0.03350000083446503, 0.018699999898672104, 0.010200000368058681, 0.009200000204145908, 0.006899999920278788, 0.013100000098347664, 0.020600000396370888, 0.02800000086426735, 0.05130000039935112, 0.05510000139474869, 0.06589999794960022, 0.07720000296831131, 0.07639999687671661, 0.07339999824762344, 0.08150000125169754, 0.07699999958276749, 0.07720000296831131, 0.07699999958276749, 0.07559999823570251, 0.07090000063180923, 0.06030000001192093, 0.056699998676776886, 0.052299998700618744, 0.054499998688697815, 0.04019999876618385, 0.03400000184774399, 0.009800000116229057, 0.00800000037997961, 0.0066999997943639755, 0.012600000016391277, 0.013899999670684338, 0.017400000244379044, 0.026599999517202377, 0.0357000008225441, 0.052400000393390656, 0.06830000132322311, 0.07509999722242355, 0.06920000165700912, 0.07249999791383743, 0.0763000026345253, 0.07270000129938126, 0.07500000298023224, 0.06989999860525131, 0.06129999831318855, 0.06019999831914902, 0.059300001710653305, 0.043800000101327896, 0.033799998462200165, 0.017999999225139618, 0.01489999983459711, 0.008500000461935997, 0.007199999876320362, 0.008299999870359898, 0.02250000089406967, 0.051500000059604645, 0.09239999949932098, 0.1485999971628189, 0.15289999544620514, 0.09709999710321426, 0.08789999783039093, 0.07649999856948853, 0.08510000258684158, 0.07259999960660934, 0.08269999921321869, 0.093299999833107, 0.08429999649524689, 0.07909999787807465, 0.08590000122785568, 0.08259999752044678, 0.056299999356269836, 0.047200001776218414, 0.05130000039935112, 0.04540000110864639, 0.014600000344216824, 0.006800000090152025, 0.006399999838322401, 0.010999999940395355, 0.020899999886751175, 0.04349999874830246, 0.08060000091791153, 0.11469999700784683, 0.11410000175237656, 0.1014999970793724, 0.09889999777078629, 0.08060000091791153, 0.0778999999165535, 0.07900000363588333, 0.08070000261068344, 0.0746999979019165, 0.0771000012755394, 0.07029999792575836, 0.07329999655485153, 0.07599999755620956, 0.05770000070333481, 0.04690000042319298, 0.031099999323487282, 0.022199999541044235, 0.01850000023841858, 0.01899999938905239, 0.010599999688565731, 0.008799999952316284, 0.021700000390410423, 0.05169999971985817, 0.09030000120401382, 0.13040000200271606, 0.13420000672340393, 0.09769999980926514, 0.09870000183582306, 0.08640000224113464, 0.0885000005364418, 0.09000000357627869, 0.08579999953508377, 0.08169999718666077, 0.08070000261068344, 0.0794999971985817, 0.07440000027418137, 0.08889999985694885, 0.06750000268220901, 0.055399999022483826, 0.033799998462200165, 0.02410000003874302, 0.013199999928474426, 0.006399999838322401, 0.007699999958276749, 0.013700000010430813, 0.025699999183416367, 0.05130000039935112, 0.09210000187158585, 0.17339999973773956, 0.1607999950647354, 0.10180000215768814, 0.10109999775886536, 0.08110000193119049, 0.08590000122785568, 0.0869000032544136, 0.08429999649524689, 0.08160000294446945, 0.08479999750852585, 0.0729999989271164, 0.07999999821186066, 0.14380000531673431, 0.1941000074148178, 0.052000001072883606, 0.0414000004529953, 0.025599999353289604, 0.010999999940395355, 0.007199999876320362, 0.007699999958276749, 0.010300000198185444, 0.020999999716877937, 0.04399999976158142, 0.08089999854564667, 0.11100000143051147, 0.10949999839067459, 0.10029999911785126, 0.09220000356435776, 0.0868000015616417, 0.08169999718666077, 0.06109999865293503, 0.060600001364946365, 0.07999999821186066, 0.07859999686479568, 0.0754999965429306, 0.07689999788999557, 0.07370000332593918, 0.06340000033378601, 0.053300000727176666, 0.045899998396635056, 0.03370000049471855, 0.02290000021457672, 0.017999999225139618, 0.01119999960064888, 0.013700000010430813, 0.01590000092983246, 0.023099999874830246, 0.032999999821186066, 0.043800000101327896, 0.06440000236034393, 0.07109999656677246, 0.07999999821186066, 0.07429999858140945, 0.0812000036239624, 0.07819999754428864, 0.07900000363588333, 0.0803999975323677, 0.08049999922513962, 0.07649999856948853, 0.07859999686479568, 0.065700002014637, 0.07479999959468842, 0.06849999725818634, 0.05079999938607216, 0.048500001430511475, 0.06700000166893005, 0.021400000900030136, 0.009600000455975533, 0.009100000374019146, 0.017000000923871994, 0.013899999670684338, 0.019999999552965164, 0.032499998807907104, 0.04259999841451645, 0.05820000171661377, 0.07479999959468842, 0.07890000194311142, 0.07199999690055847, 0.07590000331401825, 0.0778999999165535, 0.06949999928474426, 0.07259999960660934, 0.06769999861717224, 0.060600001364946365, 0.06700000166893005, 0.05889999866485596, 0.05009999871253967, 0.03779999911785126, 0.018799999728798866, 0.013500000350177288, 0.009999999776482582, 0.005400000140070915, 0.008799999952316284, 0.019500000402331352, 0.051899999380111694, 0.0892999991774559, 0.12269999831914902, 0.11599999666213989, 0.10520000010728836, 0.09780000150203705, 0.08060000091791153, 0.08060000091791153, 0.07209999859333038, 0.09000000357627869, 0.10159999877214432, 0.08250000327825546, 0.0778999999165535, 0.07880000025033951, 0.07530000060796738, 0.060600001364946365, 0.04569999873638153, 0.03480000048875809, 0.01979999989271164, 0.009200000204145908, 0.00800000037997961, 0.005499999970197678, 0.012000000104308128, 0.021400000900030136, 0.04919999837875366, 0.09529999643564224, 0.10580000281333923, 0.11739999800920486, 0.10260000079870224, 0.1046999990940094, 0.08959999680519104, 0.08079999685287476, 0.07970000058412552, 0.0877000018954277, 0.08020000159740448, 0.08619999885559082, 0.07559999823570251, 0.07890000194311142, 0.09210000187158585, 0.07249999791383743, 0.04899999871850014, 0.050200000405311584, 0.02710000053048134, 0.010999999940395355, 0.006800000090152025, 0.008500000461935997, 0.010999999940395355, 0.02290000021457672, 0.05270000174641609, 0.09070000052452087, 0.14650000631809235, 0.14839999377727509, 0.10209999978542328, 0.09570000320672989, 0.07909999787807465, 0.07900000363588333, 0.07620000094175339, 0.08309999853372574, 0.08020000159740448, 0.08190000057220459, 0.08049999922513962, 0.07980000227689743, 0.0828000009059906, 0.06719999760389328, 0.05040000006556511, 0.03460000082850456, 0.01899999938905239, 0.009600000455975533, 0.007000000216066837, 0.006399999838322401, 0.011500000022351742, 0.02539999969303608, 0.05469999834895134, 0.08940000087022781, 0.12330000102519989, 0.09290000051259995, 0.07450000196695328, 0.06880000233650208, 0.08049999922513962, 0.08240000158548355, 0.0828000009059906, 0.08699999749660492, 0.07580000162124634, 0.08089999854564667, 0.07540000230073929, 0.08250000327825546, 0.08089999854564667, 0.06469999998807907, 0.052799999713897705, 0.04349999874830246, 0.028599999845027924, 0.013700000010430813, 0.007699999958276749, 0.006599999964237213, 0.010400000028312206, 0.020500000566244125, 0.045099999755620956, 0.08449999988079071, 0.11060000211000443, 0.10689999908208847, 0.09600000083446503, 0.08760000020265579, 0.08340000361204147, 0.07959999889135361, 0.08259999752044678, 0.08030000329017639, 0.07649999856948853, 0.07840000092983246, 0.07429999858140945, 0.07779999822378159, 0.07559999823570251, 0.061900001019239426, 0.04919999837875366, 0.042100001126527786, 0.025699999183416367, 0.01590000092983246, 0.010700000450015068, 0.008299999870359898, 0.008100000210106373, 0.012400000356137753, 0.02449999935925007, 0.03629999980330467, 0.056299999356269836, 0.06300000101327896, 0.07519999891519547, 0.08049999922513962, 0.07880000025033951, 0.0778999999165535, 0.08240000158548355, 0.08020000159740448, 0.08760000020265579, 0.08550000190734863, 0.07580000162124634, 0.07729999721050262, 0.06859999895095825, 0.05939999967813492, 0.05310000106692314, 0.05590000003576279, 0.04410000145435333, 0.024399999529123306, 0.01119999960064888, 0.008700000122189522, 0.00930000003427267, 0.007000000216066837, 0.011900000274181366, 0.01730000041425228, 0.026000000536441803, 0.03739999979734421, 0.05260000005364418, 0.06319999694824219, 0.066600002348423, 0.05820000171661377, 0.06480000168085098, 0.06499999761581421, 0.06239999830722809, 0.05849999934434891, 0.06120000034570694, 0.05700000002980232, 0.05620000138878822, 0.05660000070929527, 0.05480000004172325, 0.037700001150369644, 0.03240000084042549, 0.016499999910593033, 0.00860000029206276, 0.005499999970197678, 0.00860000029206276, 0.0210999995470047, 0.054499998688697815, 0.0828000009059906, 0.11209999769926071, 0.13230000436306, 0.0982000008225441, 0.04479999840259552, 0.0, 0.07199999690055847, 0.07370000332593918, 0.07670000195503235, 0.08070000261068344, 0.07850000262260437, 0.0763000026345253, 0.07119999825954437, 0.06639999896287918, 0.057500001043081284, 0.05180000141263008, 0.03629999980330467, 0.01549999974668026, 0.009800000116229057, 0.006000000052154064, 0.0066999997943639755, 0.00989999994635582, 0.022199999541044235, 0.04540000110864639, 0.08579999953508377, 0.1429000049829483, 0.1551000028848648, 0.10029999911785126, 0.09709999710321426, 0.08399999886751175, 0.07779999822378159, 0.08129999786615372, 0.07970000058412552, 0.06750000268220901, 0.07280000299215317, 0.07400000095367432, 0.07010000199079514, 0.06700000166893005, 0.05249999836087227, 0.043699998408555984, 0.03460000082850456, 0.01640000008046627, 0.009600000455975533, 0.0066999997943639755, 0.007300000172108412, 0.010400000028312206, 0.02019999921321869, 0.04610000178217888, 0.08630000054836273, 0.12049999833106995, 0.1657000035047531, 0.1023000031709671, 0.1006999984383583, 0.08479999750852585, 0.07959999889135361, 0.08169999718666077, 0.08420000225305557, 0.07320000231266022, 0.07349999994039536, 0.0738999992609024, 0.07169999927282333, 0.06400000303983688, 0.06300000101327896, 0.04839999973773956, 0.03310000151395798, 0.02930000051856041, 0.020899999886751175, 0.007400000002235174, 0.007000000216066837, 0.009100000374019146, 0.022099999710917473, 0.049800001084804535, 0.08879999816417694, 0.12489999830722809, 0.11620000004768372, 0.09839999675750732, 0.09870000183582306, 0.08489999920129776, 0.0803999975323677, 0.08290000259876251, 0.08630000054836273, 0.08079999685287476, 0.08479999750852585, 0.07769999653100967, 0.07779999822378159, 0.08079999685287476, 0.06379999965429306, 0.062199998646974564, 0.03849999979138374, 0.021400000900030136, 0.014100000262260437, 0.007699999958276749, 0.007400000002235174, 0.010900000110268593, 0.0210999995470047, 0.04470000043511391, 0.08110000193119049, 0.18150000274181366, 0.13600000739097595, 0.09849999845027924, 0.11140000075101852, 0.09969999641180038, 0.08070000261068344, 0.08579999953508377, 0.08179999887943268, 0.07649999856948853, 0.07850000262260437, 0.07840000092983246, 0.0731000006198883, 0.08290000259876251, 0.06019999831914902, 0.05380000174045563, 0.04659999907016754, 0.03269999846816063, 0.01769999973475933, 0.01119999960064888, 0.00930000003427267, 0.008799999952316284, 0.011500000022351742, 0.022299999371170998, 0.028300000354647636, 0.04340000078082085, 0.05689999833703041, 0.0706000030040741, 0.0689999982714653, 0.06700000166893005, 0.07329999655485153, 0.07320000231266022, 0.07090000063180923, 0.07500000298023224, 0.07750000059604645, 0.07119999825954437, 0.06920000165700912, 0.061400000005960464, 0.05429999902844429, 0.04960000142455101, 0.04520000144839287, 0.03689999878406525, 0.023000000044703484, 0.011599999852478504, 0.007899999618530273, 0.00559999980032444, 0.006899999920278788, 0.010099999606609344, 0.015300000086426735, 0.024299999698996544, 0.034699998795986176, 0.05139999836683273, 0.06780000030994415, 0.0658000037074089, 0.06949999928474426, 0.0729999989271164, 0.07039999961853027, 0.06719999760389328, 0.07559999823570251, 0.07779999822378159, 0.07240000367164612, 0.06030000001192093, 0.05220000073313713, 0.043800000101327896, 0.034699998795986176, 0.019200000911951065, 0.012799999676644802, 0.006599999964237213, 0.006399999838322401, 0.006000000052154064, 0.017500000074505806, 0.03359999880194664, 0.06530000269412994, 0.1006999984383583, 0.11339999735355377, 0.09529999643564224, 0.094200000166893, 0.08129999786615372, 0.07569999992847443, 0.07079999893903732, 0.0843999981880188, 0.07349999994039536, 0.08060000091791153, 0.06379999965429306, 0.06599999964237213, 0.06790000200271606, 0.054099999368190765, 0.04659999907016754, 0.03579999879002571, 0.017899999395012856, 0.009200000204145908, 0.018200000748038292, 0.007699999958276749, 0.009399999864399433, 0.019300000742077827, 0.050700001418590546, 0.08699999749660492, 0.14350000023841858, 0.21089999377727509, 0.13120000064373016, 0.11760000139474869, 0.08389999717473984, 0.07880000025033951, 0.07490000128746033, 0.0828000009059906, 0.07840000092983246, 0.07599999755620956, 0.06870000064373016, 0.07419999688863754, 0.06729999929666519, 0.06759999692440033, 0.05000000074505806, 0.0340999998152256, 0.019899999722838402, 0.014700000174343586, 0.006399999838322401, 0.008299999870359898, 0.012400000356137753, 0.021900000050663948, 0.05400000140070915, 0.09459999948740005, 0.16140000522136688, 0.14159999787807465, 0.10090000182390213, 0.09279999881982803, 0.08500000089406967, 0.08169999718666077, 0.08389999717473984, 0.0869000032544136, 0.08259999752044678, 0.0812000036239624, 0.07649999856948853, 0.08269999921321869, 0.08240000158548355, 0.0640999972820282, 0.053599998354911804, 0.03550000116229057, 0.023800000548362732, 0.009499999694526196, 0.006000000052154064, 0.014999999664723873, 0.012600000016391277, 0.026100000366568565, 0.049300000071525574, 0.08320000022649765, 0.08429999649524689, 0.09629999846220016, 0.09179999679327011, 0.10660000145435333, 0.09730000048875809, 0.08659999817609787, 0.08049999922513962, 0.08070000261068344, 0.08479999750852585, 0.08129999786615372, 0.07500000298023224, 0.07400000095367432, 0.07930000126361847, 0.07680000364780426, 0.08370000123977661, 0.05420000106096268, 0.029400000348687172, 0.016699999570846558, 0.007499999832361937, 0.006800000090152025, 0.01140000019222498, 0.02329999953508377, 0.04470000043511391, 0.07479999959468842, 0.1136000007390976, 0.15860000252723694, 0.11150000244379044, 0.09950000047683716, 0.09009999781847, 0.08370000123977661, 0.08720000088214874, 0.08959999680519104, 0.07970000058412552, 0.08470000326633453, 0.07779999822378159, 0.0828000009059906, 0.07810000330209732, 0.06710000336170197, 0.0617000013589859, 0.05299999937415123, 0.05119999870657921, 0.01730000041425228, 0.013700000010430813, 0.008700000122189522, 0.00930000003427267, 0.012600000016391277, 0.019099999219179153, 0.03060000017285347, 0.044199999421834946, 0.0632999986410141, 0.07840000092983246, 0.08049999922513962, 0.07760000228881836, 0.07720000296831131, 0.07980000227689743, 0.0738999992609024, 0.066600002348423, 0.08179999887943268, 0.08030000329017639, 0.07090000063180923, 0.06650000065565109, 0.06350000202655792, 0.05559999868273735, 0.053700000047683716, 0.0502999983727932, 0.02969999983906746, 0.014399999752640724, 0.010599999688565731, 0.008200000040233135, 0.009800000116229057, 0.019300000742077827, 0.01899999938905239, 0.02969999983906746, 0.040800001472234726, 0.060100000351667404, 0.07559999823570251, 0.07540000230073929, 0.07079999893903732, 0.0706000030040741, 0.07540000230073929, 0.06620000302791595, 0.06700000166893005, 0.07150000333786011, 0.05999999865889549, 0.061000000685453415, 0.05779999867081642, 0.04490000009536743, 0.040800001472234726, 0.02370000071823597, 0.01899999938905239, 0.006899999920278788, 0.00570000009611249, 0.00800000037997961, 0.021199999377131462, 0.045899998396635056, 0.08380000293254852, 0.13230000436306, 0.1136000007390976, 0.09260000288486481, 0.08460000157356262, 0.08449999988079071, 0.07360000163316727, 0.0763000026345253, 0.08150000125169754, 0.08190000057220459, 0.08150000125169754, 0.07569999992847443, 0.07739999890327454, 0.07829999923706055, 0.057500001043081284, 0.04410000145435333, 0.028599999845027924, 0.01590000092983246, 0.011099999770522118, 0.006800000090152025, 0.006500000134110451, 0.010200000368058681, 0.021199999377131462, 0.052000001072883606, 0.09640000015497208, 0.11379999667406082, 0.13210000097751617, 0.08910000324249268, 0.1671999990940094, 0.09390000253915787, 0.07320000231266022, 0.07599999755620956, 0.08739999681711197, 0.08489999920129776, 0.08299999684095383, 0.07769999653100967, 0.08720000088214874, 0.0754999965429306, 0.057100001722574234, 0.056299999356269836, 0.03790000081062317, 0.017100000753998756, 0.020800000056624413, 0.011599999852478504, 0.0052999998442828655, 0.010400000028312206, 0.025699999183416367, 0.05119999870657921, 0.09070000052452087, 0.11509999632835388, 0.13169999420642853, 0.10559999942779541, 0.09740000218153, 0.08969999849796295, 0.07720000296831131, 0.07760000228881836, 0.08720000088214874, 0.07840000092983246, 0.0794999971985817, 0.0714000016450882, 0.07699999958276749, 0.08810000121593475, 0.0737999975681305, 0.06080000102519989, 0.0414000004529953, 0.0215000007301569, 0.010099999606609344, 0.006099999882280827, 0.006599999964237213, 0.009399999864399433, 0.022299999371170998, 0.04830000177025795, 0.08780000358819962, 0.13529999554157257, 0.12439999729394913, 0.10530000180006027, 0.10209999978542328, 0.0803999975323677, 0.07810000330209732, 0.08410000056028366, 0.07810000330209732, 0.05810000002384186, 0.05660000070929527, 0.05530000105500221, 0.0568000003695488, 0.05739999935030937, 0.04450000077486038, 0.03779999911785126, 0.02590000070631504, 0.014600000344216824, 0.00800000037997961, 0.007499999832361937, 0.004900000058114529, 0.008100000210106373, 0.017899999395012856, 0.05270000174641609, 0.08009999990463257, 0.11110000312328339, 0.13279999792575836, 0.09929999709129333, 0.08910000324249268, 0.08089999854564667, 0.08659999817609787, 0.08079999685287476, 0.08209999650716782, 0.08959999680519104, 0.08479999750852585, 0.07880000025033951, 0.08309999853372574, 0.07559999823570251, 0.060600001364946365, 0.05389999970793724, 0.04390000179409981, 0.02969999983906746, 0.017500000074505806, 0.014700000174343586, 0.01080000028014183, 0.00989999994635582, 0.014000000432133675, 0.023099999874830246, 0.027400000020861626, 0.04349999874830246, 0.05640000104904175, 0.06610000133514404, 0.06840000301599503, 0.0625, 0.07680000364780426, 0.07909999787807465, 0.07559999823570251, 0.08219999819993973, 0.07609999924898148, 0.07500000298023224, 0.08320000022649765, 0.0649000033736229, 0.054999999701976776, 0.053599998354911804, 0.046300001442432404, 0.03280000016093254, 0.019300000742077827, 0.013199999928474426, 0.009800000116229057, 0.007699999958276749, 0.008500000461935997, 0.010700000450015068, 0.016200000420212746, 0.03139999881386757, 0.037700001150369644, 0.049800001084804535, 0.0658000037074089, 0.06650000065565109, 0.07970000058412552, 0.08209999650716782, 0.07000000029802322, 0.0689999982714653, 0.06319999694824219, 0.06669999659061432, 0.054099999368190765, 0.05380000174045563, 0.051600001752376556, 0.052299998700618744, 0.03700000047683716, 0.021700000390410423, 0.012500000186264515, 0.007799999788403511, 0.0071000000461936, 0.010099999606609344, 0.021199999377131462, 0.043299999088048935, 0.08330000191926956, 0.11259999871253967, 0.11209999769926071, 0.09929999709129333, 0.09109999984502792, 0.07739999890327454, 0.07519999891519547, 0.07100000232458115, 0.08479999750852585, 0.0820000022649765, 0.0851999968290329, 0.07720000296831131, 0.07750000059604645, 0.07519999891519547, 0.05490000173449516, 0.0471000000834465, 0.04039999842643738, 0.020500000566244125, 0.010999999940395355, 0.005200000014156103, 0.006300000008195639, 0.010400000028312206, 0.026799999177455902, 0.05000000074505806, 0.09769999980926514, 0.11959999799728394, 0.15569999814033508, 0.10379999876022339, 0.1031000018119812, 0.0868000015616417, 0.08079999685287476, 0.07599999755620956, 0.08479999750852585, 0.07940000295639038, 0.08179999887943268, 0.0771000012755394, 0.07760000228881836, 0.08169999718666077, 0.05860000103712082, 0.04659999907016754, 0.03139999881386757, 0.01810000091791153, 0.008799999952316284, 0.007699999958276749, 0.0066999997943639755, 0.010200000368058681, 0.01889999955892563, 0.052299998700618744, 0.08980000019073486, 0.125, 0.11270000040531158, 0.10369999706745148, 0.08980000019073486, 0.08429999649524689, 0.07980000227689743, 0.08179999887943268, 0.08669999986886978, 0.08190000057220459, 0.08129999786615372, 0.07810000330209732, 0.07050000131130219, 0.07100000232458115, 0.06459999829530716, 0.047200001776218414, 0.03590000048279762, 0.016699999570846558, 0.015300000086426735, 0.012799999676644802, 0.008299999870359898, 0.010200000368058681, 0.0210999995470047, 0.037700001150369644, 0.08789999783039093, 0.1185000017285347, 0.11309999972581863, 0.10300000011920929, 0.10000000149011612, 0.08990000188350677, 0.08070000261068344, 0.08250000327825546, 0.08020000159740448, 0.07980000227689743, 0.08150000125169754, 0.4611999988555908, 0.5720000267028809, 0.4652000069618225, 0.23899999260902405, 0.052799999713897705, 0.05169999971985817, 0.026499999687075615, 0.01889999955892563, 0.015799999237060547, 0.014499999582767487, 0.020600000396370888, 0.03629999980330467, 0.051500000059604645, 0.08150000125169754, 0.09440000355243683, 0.09650000184774399, 0.2535000145435333, 0.06920000165700912, 0.08380000293254852, 0.07150000333786011, 0.06790000200271606, 0.08009999990463257, 0.07460000365972519, 0.07649999856948853, 0.0729999989271164, 0.07819999754428864, 0.07180000096559525, 0.06159999966621399, 0.05860000103712082, 0.04280000180006027, 0.03720000013709068, 0.021800000220537186, 0.015399999916553497, 0.011800000444054604, 0.010999999940395355, 0.01140000019222498, 0.021800000220537186, 0.033799998462200165, 0.04540000110864639, 0.05920000001788139, 0.06780000030994415, 0.0786999985575676, 0.061799999326467514, 0.0786999985575676, 0.07129999995231628, 0.07209999859333038, 0.07840000092983246, 0.07109999656677246, 0.08089999854564667, 0.07240000367164612, 0.07109999656677246, 0.05660000070929527, 0.06069999933242798, 0.04910000041127205, 0.04230000078678131, 0.03530000150203705, 0.025599999353289604, 0.01209999993443489, 0.007899999618530273, 0.008899999782443047, 0.011599999852478504, 0.020500000566244125, 0.026900000870227814, 0.04320000112056732, 0.05909999832510948, 0.06639999896287918, 0.07940000295639038, 0.0722000002861023, 0.06689999997615814, 0.07800000160932541, 0.07249999791383743, 0.0786999985575676, 0.0786999985575676, 0.06780000030994415, 0.07000000029802322, 0.057500001043081284, 0.051500000059604645, 0.03889999911189079, 0.027799999341368675, 0.01080000028014183, 0.006300000008195639, 0.005799999926239252, 0.00839999970048666, 0.019700000062584877, 0.04439999908208847, 0.07919999957084656, 0.09679999947547913, 0.12460000067949295, 0.10830000042915344, 0.23510000109672546, 0.07410000264644623, 0.07109999656677246, 0.07360000163316727, 0.07779999822378159, 0.07500000298023224, 0.07249999791383743, 0.0706000030040741, 0.06759999692440033, 0.06620000302791595, 0.048700001090765, 0.03620000183582306, 0.025699999183416367, 0.01549999974668026, 0.01679999940097332, 0.010200000368058681, 0.008500000461935997, 0.012199999764561653, 0.02160000056028366, 0.04830000177025795, 0.08609999716281891, 0.12939999997615814, 0.13210000097751617, 0.10050000250339508, 0.09269999712705612, 0.07559999823570251, 0.07209999859333038, 0.07109999656677246, 0.08179999887943268, 0.08420000225305557, 0.07320000231266022, 0.07460000365972519, 0.08070000261068344, 0.07450000196695328, 0.058400001376867294, 0.05090000107884407, 0.03790000081062317, 0.019500000402331352, 0.011300000362098217, 0.006800000090152025, 0.005100000184029341, 0.009600000455975533, 0.019200000911951065, 0.05249999836087227, 0.08579999953508377, 0.12160000205039978, 0.11720000207424164, 0.10119999945163727, 0.09130000323057175, 0.07810000330209732, 0.07010000199079514, 0.07429999858140945, 0.07280000299215317, 0.07000000029802322, 0.07169999927282333, 0.06750000268220901, 0.07739999890327454, 0.08160000294446945, 0.05860000103712082, 0.05350000038743019, 0.035999998450279236, 0.019200000911951065, 0.010400000028312206, 0.006099999882280827, 0.007699999958276749, 0.011900000274181366, 0.01810000091791153, 0.04320000112056732, 0.08489999920129776, 0.11959999799728394, 0.10379999876022339, 0.10260000079870224, 0.08990000188350677, 0.07739999890327454, 0.07680000364780426, 0.07829999923706055, 0.08110000193119049, 0.0723000019788742, 0.0737999975681305, 0.07100000232458115, 0.06800000369548798, 0.08370000123977661, 0.06210000067949295, 0.053700000047683716, 0.039400000125169754, 0.020600000396370888, 0.014299999922513962, 0.00860000029206276, 0.0066999997943639755, 0.01209999993443489, 0.020400000736117363, 0.04699999839067459, 0.08669999986886978, 0.11190000176429749, 0.1128000020980835, 0.10010000318288803, 0.0843999981880188, 0.0794999971985817, 0.07689999788999557, 0.08340000361204147, 0.08410000056028366, 0.08389999717473984, 0.08579999953508377, 0.1031000018119812, 0.08370000123977661, 0.07249999791383743, 0.054099999368190765, 0.05139999836683273, 0.050700001418590546, 0.028699999675154686, 0.023399999365210533, 0.020099999383091927, 0.013299999758601189, 0.008799999952316284, 0.010599999688565731, 0.02070000022649765, 0.03280000016093254, 0.04529999941587448, 0.053199999034404755, 0.06279999762773514, 0.07029999792575836, 0.07559999823570251, 0.07599999755620956, 0.07090000063180923, 0.06689999997615814, 0.07169999927282333, 0.07419999688863754, 0.08139999955892563, 0.07440000027418137, 0.0723000019788742, 0.059300001710653305, 0.060100000351667404, 0.05530000105500221, 0.03929999843239784, 0.024399999529123306, 0.019899999722838402, 0.01769999973475933, 0.008700000122189522, 0.016200000420212746, 0.01640000008046627, 0.016699999570846558, 0.02160000056028366, 0.03150000050663948, 0.046799998730421066, 0.05889999866485596, 0.06350000202655792, 0.06080000102519989, 0.06040000170469284, 0.06809999793767929, 0.06859999895095825, 0.07429999858140945, 0.06650000065565109, 0.06109999865293503, 0.05810000002384186, 0.04859999939799309, 0.042500000447034836, 0.03099999949336052, 0.02070000022649765, 0.0210999995470047, 0.007699999958276749, 0.006099999882280827, 0.009600000455975533, 0.01940000057220459, 0.04749999940395355, 0.10670000314712524, 0.13670000433921814, 0.18060000240802765, 0.09189999848604202, 0.10199999809265137, 0.07329999655485153, 0.07069999724626541, 0.06870000064373016, 0.0794999971985817, 0.07689999788999557, 0.08420000225305557, 0.07360000163316727, 0.06989999860525131, 0.06769999861717224, 0.0478999987244606, 0.04619999974966049, 0.02879999950528145, 0.021800000220537186, 0.009399999864399433, 0.007600000128149986, 0.00570000009611249, 0.011500000022351742, 0.02019999921321869, 0.04989999905228615, 0.09019999951124191, 0.11230000108480453, 0.10350000113248825, 0.09489999711513519, 0.09610000252723694, 0.08009999990463257, 0.07769999653100967, 0.07339999824762344, 0.08030000329017639, 0.0812000036239624, 0.09139999747276306, 0.09120000153779984, 0.0786999985575676, 0.08569999784231186, 0.05849999934434891, 0.051600001752376556, 0.03240000084042549, 0.016599999740719795, 0.006899999920278788, 0.005200000014156103, 0.006200000178068876, 0.009700000286102295, 0.01730000041425228, 0.04450000077486038, 0.08309999853372574, 0.11879999935626984, 0.11299999803304672, 0.09730000048875809, 0.0860000029206276, 0.0794999971985817, 0.07339999824762344, 0.07320000231266022, 0.0803999975323677, 0.07360000163316727, 0.0729999989271164, 0.0738999992609024, 0.07410000264644623, 0.07329999655485153, 0.054099999368190765, 0.04470000043511391, 0.03350000083446503, 0.01640000008046627, 0.008899999782443047, 0.005900000222027302, 0.00839999970048666, 0.011099999770522118, 0.01899999938905239, 0.04410000145435333, 0.08810000121593475, 0.1273999959230423, 0.13099999725818634, 0.09539999812841415, 0.09459999948740005, 0.08070000261068344, 0.0763000026345253, 0.07859999686479568, 0.08110000193119049, 0.0731000006198883, 0.07460000365972519, 0.07119999825954437, 0.07109999656677246, 0.06759999692440033, 0.05620000138878822, 0.04910000041127205, 0.03359999880194664, 0.01889999955892563, 0.01269999984651804, 0.011099999770522118, 0.012500000186264515, 0.01080000028014183, 0.02239999920129776, 0.04910000041127205, 0.08479999750852585, 0.11420000344514847, 0.11180000007152557, 0.09200000017881393, 0.08990000188350677, 0.08470000326633453, 0.08150000125169754, 0.08150000125169754, 0.08209999650716782, 0.07989999651908875, 0.08330000191926956, 0.08630000054836273, 0.09629999846220016, 0.07349999994039536, 0.06679999828338623, 0.05460000038146973, 0.04430000111460686, 0.039500001817941666, 0.01810000091791153, 0.010099999606609344, 0.011300000362098217, 0.009800000116229057, 0.01119999960064888, 0.02160000056028366, 0.03020000085234642, 0.049400001764297485, 0.06310000270605087, 0.07609999924898148, 0.08269999921321869, 0.07050000131130219, 0.06480000168085098, 0.07010000199079514, 0.0714000016450882, 0.08240000158548355, 0.07819999754428864, 0.08150000125169754, 0.06440000236034393, 0.059700001031160355, 0.05909999832510948, 0.05220000073313713, 0.0494999997317791, 0.03240000084042549, 0.020099999383091927, 0.011599999852478504, 0.0, 0.006200000178068876, 0.004999999888241291, 0.005400000140070915, 0.014399999752640724, 0.018300000578165054, 0.030799999833106995, 0.04010000079870224, 0.05920000001788139, 0.06859999895095825, 0.06520000100135803, 0.07540000230073929, 0.07429999858140945, 0.07720000296831131, 0.08330000191926956, 0.08749999850988388, 0.08370000123977661, 0.0674000009894371, 0.05609999969601631, 0.04500000178813934, 0.03889999911189079, 0.03189999982714653, 0.01889999955892563, 0.00839999970048666, 0.01209999993443489, 0.004800000227987766, 0.008799999952316284, 0.02199999988079071, 0.04439999908208847, 0.09049999713897705, 0.10760000348091125, 0.1031000018119812, 0.10369999706745148, 0.09179999679327011, 0.0771000012755394, 0.07519999891519547, 0.06989999860525131, 0.08320000022649765, 0.07859999686479568, 0.07850000262260437, 0.07000000029802322, 0.0746999979019165, 0.0737999975681305, 0.0502999983727932, 0.04659999907016754, 0.035100001841783524, 0.01360000018030405, 0.010499999858438969, 0.005499999970197678, 0.007199999876320362, 0.010599999688565731, 0.01810000091791153, 0.04610000178217888, 0.09160000085830688, 0.08320000022649765, 0.12080000340938568, 0.10109999775886536, 0.09279999881982803, 0.08669999986886978, 0.07859999686479568, 0.0763000026345253, 0.08240000158548355, 0.08009999990463257, 0.07890000194311142, 0.06210000067949295, 0.06800000369548798, 0.0738999992609024, 0.050599999725818634, 0.04259999841451645, 0.02669999934732914, 0.021400000900030136, 0.010999999940395355, 0.006500000134110451, 0.007899999618530273, 0.009700000286102295, 0.023399999365210533, 0.04960000142455101, 0.09399999678134918, 0.13760000467300415, 0.12890000641345978, 0.09939999878406525, 0.09480000287294388, 0.08299999684095383, 0.08739999681711197, 0.07859999686479568, 0.08410000056028366, 0.08020000159740448, 0.07699999958276749, 0.0714000016450882, 0.07509999722242355, 0.06549999862909317, 0.060600001364946365, 0.05040000006556511, 0.030400000512599945, 0.02500000037252903, 0.01140000019222498, 0.010599999688565731, 0.008700000122189522, 0.010099999606609344, 0.0203000009059906, 0.05130000039935112, 0.09049999713897705, 0.13289999961853027, 0.19920000433921814, 0.10279999673366547, 0.09080000221729279, 0.08110000193119049, 0.08079999685287476, 0.07980000227689743, 0.07280000299215317, 0.07649999856948853, 0.08429999649524689, 0.08240000158548355, 0.08079999685287476, 0.07519999891519547, 0.06840000301599503, 0.058800000697374344, 0.044599998742341995, 0.02329999953508377, 0.014600000344216824, 0.00930000003427267, 0.006500000134110451, 0.013299999758601189, 0.019300000742077827, 0.04839999973773956, 0.08250000327825546, 0.10180000215768814, 0.09000000357627869, 0.09610000252723694, 0.08550000190734863, 0.0803999975323677, 0.07919999957084656, 0.08460000157356262, 0.08399999886751175, 0.08349999785423279, 0.08860000222921371, 0.08820000290870667, 0.08219999819993973, 0.06939999759197235, 0.058800000697374344, 0.04969999939203262, 0.04100000113248825, 0.025699999183416367, 0.014000000432133675, 0.010300000198185444, 0.008899999782443047, 0.007199999876320362, 0.009600000455975533, 0.02239999920129776, 0.032499998807907104, 0.04340000078082085, 0.06629999727010727, 0.08320000022649765, 0.07259999960660934, 0.07829999923706055, 0.07639999687671661, 0.07569999992847443, 0.07980000227689743, 0.08269999921321869, 0.08269999921321869, 0.07880000025033951, 0.07209999859333038, 0.06289999932050705, 0.05620000138878822, 0.053300000727176666, 0.04450000077486038, 0.031199999153614044, 0.015300000086426735, 0.00860000029206276, 0.007699999958276749, 0.004699999932199717, 0.008899999782443047, 0.013199999928474426, 0.018699999898672104, 0.024399999529123306, 0.036400001496076584, 0.052799999713897705, 0.060600001364946365, 0.06750000268220901, 0.06920000165700912, 0.07270000129938126, 0.07689999788999557, 0.07090000063180923, 0.07289999723434448, 0.0674000009894371, 0.06030000001192093, 0.04969999939203262, 0.04410000145435333, 0.03669999912381172, 0.023800000548362732, 0.013299999758601189, 0.01080000028014183, 0.005900000222027302, 0.005799999926239252, 0.008799999952316284, 0.0203000009059906, 0.047600001096725464, 0.08810000121593475, 0.12380000203847885, 0.10980000346899033, 0.09690000116825104, 0.09799999743700027, 0.07479999959468842, 0.0738999992609024, 0.07259999960660934, 0.0771000012755394, 0.0729999989271164, 0.07460000365972519, 0.07199999690055847, 0.07329999655485153, 0.07190000265836716, 0.05000000074505806, 0.040699999779462814, 0.023900000378489494, 0.014700000174343586, 0.011300000362098217, 0.007600000128149986, 0.006300000008195639, 0.00839999970048666, 0.01899999938905239, 0.050200000405311584, 0.09200000017881393, 0.16089999675750732, 0.15719999372959137, 0.10119999945163727, 0.10670000314712524, 0.08129999786615372, 0.07970000058412552, 0.07919999957084656, 0.07249999791383743, 0.07810000330209732, 0.08640000224113464, 0.07800000160932541, 0.08020000159740448, 0.07800000160932541, 0.06120000034570694, 0.04919999837875366, 0.03319999948143959, 0.017899999395012856, 0.013000000268220901, 0.009499999694526196, 0.005100000184029341, 0.010700000450015068, 0.020400000736117363, 0.051500000059604645, 0.08760000020265579, 0.14149999618530273, 0.1348000019788742, 0.1071000024676323, 0.0934000015258789, 0.08169999718666077, 0.0794999971985817, 0.07819999754428864, 0.0877000018954277, 0.07419999688863754, 0.07639999687671661, 0.07959999889135361, 0.2468000054359436, 0.13330000638961792, 0.05820000171661377, 0.04500000178813934, 0.03189999982714653, 0.023800000548362732, 0.013799999840557575, 0.009399999864399433, 0.005799999926239252, 0.00989999994635582, 0.02449999935925007, 0.0502999983727932, 0.09510000050067902, 0.11249999701976776, 0.11079999804496765, 0.10209999978542328, 0.09730000048875809, 0.08649999648332596, 0.08190000057220459, 0.07720000296831131, 0.08460000157356262, 0.07760000228881836, 0.08269999921321869, 0.07479999959468842, 0.08259999752044678, 0.07100000232458115, 0.06069999933242798, 0.054999999701976776, 0.039500001817941666, 0.02590000070631504, 0.0210999995470047, 0.014800000004470348, 0.007400000002235174, 0.010700000450015068, 0.026499999687075615, 0.055399999022483826, 0.08860000222921371, 0.1988999992609024, 0.15360000729560852, 0.0966000035405159, 0.0763000026345253, 0.08020000159740448, 0.08169999718666077, 0.08569999784231186, 0.08190000057220459, 0.08470000326633453, 0.08449999988079071, 0.0714000016450882, 0.07010000199079514, 0.08009999990463257, 0.060600001364946365, 0.057100001722574234, 0.0414000004529953, 0.032600000500679016, 0.020400000736117363, 0.01119999960064888, 0.009600000455975533, 0.008100000210106373, 0.010999999940395355, 0.02329999953508377, 0.029999999329447746, 0.04650000110268593, 0.0640999972820282, 0.07129999995231628, 0.07419999688863754, 0.07349999994039536, 0.07190000265836716, 0.06830000132322311, 0.07079999893903732, 0.06949999928474426, 0.06880000233650208, 0.07029999792575836, 0.062300000339746475, 0.05220000073313713, 0.04919999837875366, 0.05050000175833702, 0.045499999076128006, 0.02669999934732914, 0.016499999910593033, 0.009800000116229057, 0.008299999870359898, 0.00839999970048666, 0.007199999876320362, 0.014399999752640724, 0.022199999541044235, 0.025499999523162842, 0.03370000049471855, 0.04989999905228615, 0.05920000001788139, 0.0617000013589859, 0.06769999861717224, 0.06909999996423721, 0.0746999979019165, 0.07370000332593918, 0.07479999959468842, 0.08510000258684158, 0.06629999727010727, 0.050999999046325684, 0.0478999987244606, 0.03849999979138374, 0.025200000032782555, 0.017100000753998756, 0.008700000122189522, 0.0066999997943639755, 0.0052999998442828655, 0.007799999788403511, 0.0203000009059906, 0.04610000178217888, 0.0877000018954277, 0.11129999905824661, 0.11289999634027481, 0.09449999779462814, 0.09179999679327011, 0.07970000058412552, 0.07479999959468842, 0.07540000230073929, 0.07850000262260437, 0.0731000006198883, 0.08649999648332596, 0.07400000095367432, 0.06759999692440033, 0.0640999972820282, 0.04809999838471413, 0.03999999910593033, 0.03739999979734421, 0.020500000566244125, 0.012000000104308128, 0.0071000000461936, 0.006300000008195639, 0.010200000368058681, 0.022600000724196434, 0.04569999873638153, 0.08699999749660492, 0.10689999908208847, 0.1160999983549118, 0.10409999638795853, 0.08380000293254852, 0.08079999685287476, 0.0828000009059906, 0.08229999989271164, 0.08429999649524689, 0.07930000126361847, 0.08389999717473984, 0.07559999823570251, 0.0689999982714653, 0.06909999996423721, 0.053700000047683716, 0.05209999904036522, 0.0333000011742115, 0.018400000408291817, 0.012600000016391277, 0.010099999606609344, 0.006399999838322401, 0.014800000004470348, 0.025699999183416367, 0.050999999046325684, 0.08799999952316284, 0.1096000000834465, 0.10400000214576721, 0.09749999642372131, 0.08959999680519104, 0.08669999986886978, 0.0835999995470047, 0.08669999986886978, 0.08060000091791153, 0.07460000365972519, 0.07280000299215317, 0.07429999858140945, 0.07609999924898148, 0.06689999997615814, 0.04969999939203262, 0.04450000077486038, 0.042899999767541885, 0.026499999687075615, 0.01489999983459711, 0.008799999952316284, 0.010300000198185444, 0.011300000362098217, 0.012000000104308128, 0.01360000018030405, 0.023900000378489494, 0.025299999862909317, 0.031199999153614044, 0.03720000013709068, 0.04450000077486038, 0.04910000041127205, 0.05480000004172325, 0.05260000005364418, 0.05130000039935112, 0.05660000070929527, 0.051899999380111694, 0.04769999906420708, 0.02419999986886978, 0.027300000190734863, 0.031300000846385956, 0.03550000116229057, 0.02930000051856041, 0.014100000262260437, 0.00989999994635582, 0.005200000014156103, 0.004399999976158142, 0.007400000002235174, 0.007000000216066837, 0.009499999694526196, 0.013700000010430813, 0.024900000542402267, 0.03929999843239784, 0.04740000143647194, 0.05640000104904175, 0.06270000338554382, 0.0640999972820282, 0.061400000005960464, 0.05730000138282776, 0.05790000036358833, 0.05849999934434891, 0.05510000139474869, 0.05139999836683273, 0.04560000076889992, 0.04149999842047691, 0.038100000470876694, 0.03420000150799751, 0.019999999552965164, 0.014000000432133675, 0.010599999688565731, 0.007300000172108412, 0.007699999958276749, 0.014299999922513962, 0.016300000250339508, 0.023000000044703484, 0.02879999950528145, 0.03999999910593033, 0.05400000140070915, 0.05689999833703041, 0.06530000269412994, 0.06469999998807907, 0.06599999964237213, 0.06549999862909317, 0.06809999793767929, 0.07020000368356705, 0.065700002014637, 0.057999998331069946, 0.05119999870657921, 0.05770000070333481, 0.05209999904036522, 0.05050000175833702, 0.027699999511241913, 0.02410000003874302, 0.013000000268220901, 0.011699999682605267, 0.00989999994635582, 0.010499999858438969, 0.021199999377131462, 0.017999999225139618, 0.023000000044703484, 0.03220000118017197, 0.046799998730421066, 0.06369999796152115, 0.06650000065565109, 0.06599999964237213, 0.06849999725818634, 0.07490000128746033, 0.07500000298023224, 0.07760000228881836, 0.07540000230073929, 0.0632999986410141, 0.053700000047683716, 0.04610000178217888, 0.03880000114440918, 0.02759999968111515, 0.01600000075995922, 0.009600000455975533, 0.006200000178068876, 0.005100000184029341, 0.007799999788403511, 0.018699999898672104, 0.05469999834895134, 0.08860000222921371, 0.10989999771118164, 0.11169999837875366, 0.09790000319480896, 0.08410000056028366, 0.0763000026345253, 0.07900000363588333, 0.07249999791383743, 0.08100000023841858, 0.08340000361204147, 0.09030000120401382, 0.07699999958276749, 0.07419999688863754, 0.06989999860525131, 0.05380000174045563, 0.04019999876618385, 0.0348999984562397, 0.01590000092983246, 0.011500000022351742, 0.006099999882280827, 0.005400000140070915, 0.009600000455975533, 0.01850000023841858, 0.04699999839067459, 0.0885000005364418, 0.10610000044107437, 0.11299999803304672, 0.09790000319480896, 0.08699999749660492, 0.09600000083446503, 0.07670000195503235, 0.07429999858140945, 0.07779999822378159, 0.07760000228881836, 0.08900000154972076, 0.07930000126361847, 0.07769999653100967, 0.06719999760389328, 0.055399999022483826, 0.04600000008940697, 0.03920000046491623, 0.02019999921321869, 0.014800000004470348, 0.007699999958276749, 0.007899999618530273, 0.010400000028312206, 0.0203000009059906, 0.05130000039935112, 0.09600000083446503, 0.25609999895095825, 0.21780000627040863, 0.10289999842643738, 0.09000000357627869, 0.08290000259876251, 0.07599999755620956, 0.07829999923706055, 0.08309999853372574, 0.0771000012755394, 0.07779999822378159, 0.07360000163316727, 0.0754999965429306, 0.06939999759197235, 0.05689999833703041, 0.04879999905824661, 0.031700000166893005, 0.02019999921321869, 0.011699999682605267, 0.008899999782443047, 0.009800000116229057, 0.010400000028312206, 0.01810000091791153, 0.051500000059604645, 0.08470000326633453, 0.1031000018119812, 0.1062999963760376, 0.09390000253915787, 0.1006999984383583, 0.09359999746084213, 0.08259999752044678, 0.08429999649524689, 0.0828000009059906, 0.08330000191926956, 0.0778999999165535, 0.05689999833703041, 0.062199998646974564, 0.044599998742341995, 0.03400000184774399, 0.02759999968111515, 0.01810000091791153, 0.014499999582767487, 0.007199999876320362, 0.0052999998442828655, 0.00430000014603138, 0.006399999838322401, 0.012400000356137753, 0.024700000882148743, 0.06040000170469284, 0.1111999973654747, 0.10480000078678131, 0.09059999883174896, 0.08160000294446945, 0.08259999752044678, 0.07739999890327454, 0.08049999922513962, 0.08420000225305557, 0.08290000259876251, 0.09390000253915787, 0.11379999667406082, 0.08709999918937683, 0.07909999787807465, 0.058800000697374344, 0.05609999969601631, 0.061000000685453415, 0.039500001817941666, 0.022700000554323196, 0.01080000028014183, 0.011300000362098217, 0.007899999618530273, 0.014299999922513962, 0.02500000037252903, 0.03970000147819519, 0.04450000077486038, 0.07190000265836716, 0.0706000030040741, 0.08190000057220459, 0.07580000162124634, 0.08060000091791153, 0.07440000027418137, 0.08299999684095383, 0.08299999684095383, 0.08780000358819962, 0.08030000329017639, 0.09269999712705612, 0.06390000134706497, 0.05570000037550926, 0.05999999865889549, 0.04439999908208847, 0.03550000116229057, 0.024700000882148743, 0.01489999983459711, 0.010099999606609344, 0.009800000116229057, 0.010200000368058681, 0.014100000262260437, 0.01940000057220459, 0.029999999329447746, 0.041999999433755875, 0.05299999937415123, 0.06279999762773514, 0.07150000333786011, 0.07000000029802322, 0.07320000231266022, 0.07129999995231628, 0.07190000265836716, 0.07840000092983246, 0.07729999721050262, 0.060600001364946365, 0.049400001764297485, 0.050700001418590546, 0.04320000112056732, 0.029100000858306885, 0.01679999940097332, 0.009200000204145908, 0.010999999940395355, 0.006500000134110451, 0.011300000362098217, 0.02370000071823597, 0.05000000074505806, 0.09009999781847, 0.12439999729394913, 0.1151999980211258, 0.09960000216960907, 0.08709999918937683, 0.08529999852180481, 0.07190000265836716, 0.07169999927282333, 0.08370000123977661, 0.07989999651908875, 0.0860000029206276, 0.18469999730587006, 0.4138999879360199, 0.10029999911785126, 0.05779999867081642, 0.04439999908208847, 0.02879999950528145, 0.016599999740719795, 0.008799999952316284, 0.00559999980032444, 0.00989999994635582, 0.010599999688565731, 0.0210999995470047, 0.04699999839067459, 0.08889999985694885, 0.10970000177621841, 0.1071000024676323, 0.10249999910593033, 0.09359999746084213, 0.07959999889135361, 0.08079999685287476, 0.07880000025033951, 0.08500000089406967, 0.07649999856948853, 0.08529999852180481, 0.07410000264644623, 0.08619999885559082, 0.08020000159740448, 0.06880000233650208, 0.05090000107884407, 0.03220000118017197, 0.019500000402331352, 0.012400000356137753, 0.007000000216066837, 0.00839999970048666, 0.009100000374019146, 0.023900000378489494, 0.04910000041127205, 0.08730000257492065, 0.11810000240802765, 0.11659999936819077, 0.11069999635219574, 0.09210000187158585, 0.08420000225305557, 0.0803999975323677, 0.08100000023841858, 0.08730000257492065, 0.07890000194311142, 0.07509999722242355, 0.07720000296831131, 0.07930000126361847, 0.07440000027418137, 0.05900000035762787, 0.05660000070929527, 0.036400001496076584, 0.0215000007301569, 0.013500000350177288, 0.013100000098347664, 0.010300000198185444, 0.011699999682605267, 0.024399999529123306, 0.05169999971985817, 0.0966000035405159, 0.11819999665021896, 0.10939999669790268, 0.10300000011920929, 0.09759999811649323, 0.08699999749660492, 0.08009999990463257, 0.0786999985575676, 0.08209999650716782, 0.08749999850988388, 0.12210000306367874, 0.36230000853538513, 0.3328000009059906, 0.08990000188350677, 0.05869999900460243, 0.057500001043081284, 0.04360000044107437, 0.021900000050663948, 0.01489999983459711, 0.00930000003427267, 0.009499999694526196, 0.010099999606609344, 0.020999999716877937, 0.04560000076889992, 0.08709999918937683, 0.10740000009536743, 0.10499999672174454, 0.08919999748468399, 0.0835999995470047, 0.09960000216960907, 0.08240000158548355, 0.08209999650716782, 0.08879999816417694, 0.09220000356435776, 0.08919999748468399, 0.07900000363588333, 0.08139999955892563, 0.06440000236034393, 0.061799999326467514, 0.06080000102519989, 0.045499999076128006, 0.03280000016093254, 0.024700000882148743, 0.01510000042617321, 0.010499999858438969, 0.008899999782443047, 0.01360000018030405, 0.021800000220537186, 0.02800000086426735, 0.043800000101327896, 0.057500001043081284, 0.06870000064373016, 0.07810000330209732, 0.08169999718666077, 0.08219999819993973, 0.07850000262260437, 0.08110000193119049, 0.07569999992847443, 0.08100000023841858, 0.07400000095367432, 0.07639999687671661, 0.05990000069141388, 0.05469999834895134, 0.05130000039935112, 0.04989999905228615, 0.03849999979138374, 0.023000000044703484, 0.01209999993443489, 0.013500000350177288, 0.006099999882280827, 0.008100000210106373, 0.012500000186264515, 0.01850000023841858, 0.02539999969303608, 0.04470000043511391, 0.054499998688697815, 0.07090000063180923, 0.07339999824762344, 0.07670000195503235, 0.07270000129938126, 0.07270000129938126, 0.07400000095367432, 0.08070000261068344, 0.0812000036239624, 0.06689999997615814, 0.05530000105500221, 0.05209999904036522, 0.05180000141263008, 0.031599998474121094, 0.022099999710917473, 0.014999999664723873, 0.0066999997943639755, 0.009700000286102295, 0.011099999770522118, 0.024700000882148743, 0.05009999871253967, 0.08919999748468399, 0.12439999729394913, 0.1251000016927719, 0.1096000000834465, 0.08969999849796295, 0.07989999651908875, 0.0803999975323677, 0.08780000358819962, 0.08550000190734863, 0.08209999650716782, 0.08609999716281891, 0.0746999979019165, 0.07320000231266022, 0.07479999959468842, 0.054099999368190765, 0.045499999076128006, 0.030500000342726707, 0.016100000590085983, 0.00989999994635582, 0.00800000037997961, 0.005799999926239252, 0.00839999970048666, 0.019099999219179153, 0.04650000110268593, 0.08789999783039093, 0.1509000062942505, 0.14880000054836273, 0.10670000314712524, 0.08910000324249268, 0.08500000089406967, 0.08510000258684158, 0.07840000092983246, 0.08889999985694885, 0.08699999749660492, 0.08370000123977661, 0.07680000364780426, 0.08089999854564667, 0.06949999928474426, 0.06080000102519989, 0.05820000171661377, 0.03280000016093254, 0.01850000023841858, 0.010099999606609344, 0.013100000098347664, 0.005100000184029341, 0.013100000098347664, 0.019099999219179153, 0.0494999997317791, 0.09679999947547913, 0.1103999987244606, 0.1103999987244606, 0.10970000177621841, 0.09870000183582306, 0.08449999988079071, 0.09160000085830688, 0.08269999921321869, 0.08950000256299973, 0.09449999779462814, 0.0892999991774559, 0.08820000290870667, 0.0820000022649765, 0.08070000261068344, 0.06319999694824219, 0.05119999870657921, 0.03720000013709068, 0.027499999850988388, 0.017500000074505806, 0.00860000029206276, 0.006099999882280827, 0.00989999994635582, 0.02290000021457672, 0.047600001096725464, 0.09220000356435776, 0.09989999979734421, 0.10499999672174454, 0.10329999774694443, 0.09709999710321426, 0.06539999693632126, 0.046799998730421066, 0.04520000144839287, 0.07819999754428864, 0.09130000323057175, 0.21070000529289246, 0.3167000114917755, 0.15080000460147858, 0.0722000002861023, 0.062300000339746475, 0.05869999900460243, 0.046300001442432404, 0.022600000724196434, 0.012600000016391277, 0.00839999970048666, 0.008799999952316284, 0.01080000028014183, 0.021700000390410423, 0.04439999908208847, 0.1054999977350235, 0.17910000681877136, 0.14830000698566437, 0.09300000220537186, 0.08820000290870667, 0.08720000088214874, 0.0843999981880188, 0.08410000056028366, 0.08399999886751175, 0.07699999958276749, 0.15199999511241913, 0.18799999356269836, 0.15790000557899475, 0.07249999791383743, 0.05779999867081642, 0.05209999904036522, 0.04560000076889992, 0.028699999675154686, 0.01940000057220459, 0.011500000022351742, 0.009600000455975533, 0.009200000204145908, 0.00989999994635582, 0.02070000022649765, 0.03009999915957451, 0.0406000018119812, 0.05420000106096268, 0.06459999829530716, 0.0722000002861023, 0.07209999859333038, 0.0731000006198883, 0.07360000163316727, 0.07800000160932541, 0.0786999985575676, 0.07769999653100967, 0.08349999785423279, 0.07159999758005142, 0.06040000170469284, 0.0494999997317791, 0.052000001072883606, 0.04500000178813934, 0.03139999881386757, 0.018699999898672104, 0.011800000444054604, 0.007799999788403511, 0.008700000122189522, 0.007699999958276749, 0.011500000022351742, 0.01679999940097332, 0.021900000050663948, 0.03280000016093254, 0.04820000007748604, 0.05999999865889549, 0.06499999761581421, 0.06800000369548798, 0.07069999724626541, 0.07029999792575836, 0.07090000063180923, 0.06989999860525131, 0.06870000064373016, 0.05860000103712082, 0.05310000106692314, 0.045899998396635056, 0.043800000101327896, 0.031300000846385956, 0.018200000748038292, 0.013100000098347664, 0.007499999832361937, 0.009200000204145908, 0.010200000368058681, 0.019600000232458115, 0.046300001442432404, 0.08340000361204147, 0.1096000000834465, 0.13729999959468842, 0.08879999816417694, 0.08420000225305557, 0.09099999815225601, 0.07819999754428864, 0.07940000295639038, 0.08510000258684158, 0.07840000092983246, 0.08429999649524689, 0.07930000126361847, 0.08879999816417694, 0.0885000005364418, 0.05770000070333481, 0.04399999976158142, 0.03280000016093254, 0.018200000748038292, 0.013899999670684338, 0.006300000008195639, 0.006800000090152025, 0.010099999606609344, 0.01940000057220459, 0.04230000078678131, 0.08389999717473984, 0.1071000024676323, 0.10620000213384628, 0.09849999845027924, 0.08959999680519104, 0.08669999986886978, 0.08110000193119049, 0.08079999685287476, 0.08349999785423279, 0.0723000019788742, 0.06889999657869339, 0.06390000134706497, 0.07670000195503235, 0.06449999660253525, 0.05290000140666962, 0.041999999433755875, 0.0357000008225441, 0.021199999377131462, 0.011699999682605267, 0.007499999832361937, 0.006899999920278788, 0.010099999606609344, 0.019700000062584877, 0.042899999767541885, 0.0828000009059906, 0.13830000162124634, 0.10459999740123749, 0.09380000084638596, 0.093299999833107, 0.09220000356435776, 0.08470000326633453, 0.08070000261068344, 0.08399999886751175, 0.06920000165700912, 0.06469999998807907, 0.07079999893903732, 0.0681999996304512, 0.06509999930858612, 0.05130000039935112, 0.044599998742341995, 0.03869999945163727, 0.019700000062584877, 0.01640000008046627, 0.009999999776482582, 0.0071000000461936, 0.012299999594688416, 0.019999999552965164, 0.04670000076293945, 0.09160000085830688, 0.10119999945163727, 0.09279999881982803, 0.09390000253915787, 0.09539999812841415, 0.08749999850988388, 0.08659999817609787, 0.0820000022649765, 0.0843999981880188, 0.07900000363588333, 0.0738999992609024, 0.065700002014637, 0.07209999859333038, 0.06849999725818634, 0.057100001722574234, 0.053300000727176666, 0.03849999979138374, 0.024399999529123306, 0.01590000092983246, 0.012299999594688416, 0.00989999994635582, 0.0142000000923872, 0.018400000408291817, 0.03519999980926514, 0.06809999793767929, 0.07760000228881836, 0.06930000334978104, 0.05849999934434891, 0.07429999858140945, 0.09019999951124191, 0.08739999681711197, 0.07900000363588333, 0.07729999721050262, 0.0737999975681305, 0.06440000236034393, 0.07100000232458115, 0.05779999867081642, 0.05429999902844429, 0.04780000075697899, 0.050599999725818634, 0.04569999873638153, 0.032499998807907104, 0.016599999740719795, 0.016899999231100082, 0.010999999940395355, 0.009600000455975533, 0.010300000198185444, 0.012799999676644802, 0.022600000724196434, 0.02969999983906746, 0.041999999433755875, 0.05139999836683273, 0.06279999762773514, 0.06129999831318855, 0.061400000005960464, 0.06199999898672104, 0.0560000017285347, 0.0560000017285347, 0.059700001031160355, 0.060100000351667404, 0.051100000739097595, 0.041099999099969864, 0.040800001472234726, 0.04270000010728836, 0.037300001829862595, 0.02879999950528145]"
