item_id,start,target,freq
27006,2015-01-29 19:00:00,"[[57.0, 48.0, 59.0, 48.0, 42.0, 36.0, 32.0, 29.0, 26.0, 24.0, 22.0, 21.0, 19.0, 18.0, 18.0, 18.0, 18.0, 18.0, 19.0, 18.0, 18.0, 19.0, 20.0, 22.0, 24.0, 25.0, 24.0, 23.0, 24.0, 24.0, 24.0, 23.0, 24.0, 26.0, 26.0, 26.0, 24.0, 25.0, 27.0, 29.0, 28.0, nan, nan, nan, nan, nan, nan, nan, nan, nan, nan, nan, nan, nan, nan, nan, nan, nan, nan, nan, nan, nan, nan, nan, nan, nan, nan, nan, 26.0, 27.0, 29.0, 33.0, 35.0, 35.0, 35.0, 36.0, 39.0, 39.0, 39.0, 39.0, 38.0, 38.0, 38.0, 39.0, 39.0, 38.0, 40.0, 37.0, 37.0, 38.0, 37.0, 38.0, 40.0, 39.0, 39.0, 41.0, 47.0, 51.0, 49.0, 51.0, 55.0, 64.0, 64.0, 59.0, 59.0, 60.0, 60.0, 60.0, 63.0, 65.0, 66.0, 72.0, 78.0, 71.0, 59.0, 55.0, nan, 53.0, 54.0, 58.0, 69.0, 74.0, 72.0, 66.0, 61.0, 58.0, 57.0, 55.0, 50.0, 47.0, 45.0, 41.0, 38.0, nan, 29.0, 27.0, 23.0, 21.0, 19.0, 18.0, 17.0, 16.0, 18.0, 20.0, 23.0, 26.0, 26.0, 27.0, 28.0, 29.0, 29.0, 31.0, 32.0, 34.0, 35.0, 37.0, 40.0, 42.0, 46.0, 52.0, 51.0, 52.0, 56.0, 55.0, 54.0, 56.0, 59.0, 62.0, 62.0, 62.0, 68.0, 72.0, 81.0, 85.0, 87.0, 89.0, 88.0, 86.0, 83.0, 81.0, 84.0, 87.0, 87.0, nan, 82.0, 82.0, 79.0, 71.0, 71.0, 67.0, 73.0, 69.0, 70.0, 80.0, 89.0, 92.0, 82.0, 81.0, 75.0, 75.0, 77.0, 69.0, 70.0, 71.0, 67.0, 69.0, 72.0, 76.0, 79.0, 80.0, 82.0, 83.0, 82.0, 82.0, 90.0, 105.0, 95.0, 90.0, 88.0, 85.0, 82.0, 76.0, 72.0, 69.0, 67.0, 65.0, 65.0, 62.0, 61.0, 63.0, 63.0, 61.0, 60.0, 56.0, 53.0, 50.0, nan, nan, nan, nan, nan, nan, nan, nan, nan, nan, nan, nan, nan, nan, nan, nan, nan, nan, nan, 79.0, 79.0, 73.0, 68.0, 72.0, 67.0, nan, 62.0, 69.0, 88.0, 109.0, 104.0, 92.0, 93.0, 89.0, 83.0, 82.0, 82.0, 83.0, 82.0, 82.0, 81.0, 85.0, nan, 84.0, 81.0, 74.0, 67.0, 65.0, 66.0, 67.0, 68.0, nan, 85.0, nan, 80.0, 76.0, 75.0, 91.0, 100.0, 101.0, 102.0, 91.0, 86.0, 88.0, 83.0, 85.0, 90.0, nan, 95.0, 93.0, 92.0, 94.0, 95.0, 100.0, 100.0, 119.0, 130.0, 128.0, 111.0, 129.0, 121.0, 118.0, 112.0, 103.0, 102.0, 100.0, 104.0, 100.0, 102.0, 102.0, 129.0, 122.0, 116.0, 105.0, 69.0, 50.0, 45.0, 53.0, 66.0, 71.0, 82.0, 67.0, 64.0, 78.0, 74.0, 66.0, 67.0, 61.0, 59.0, 57.0, 58.0, 59.0, 58.0, 60.0, nan, nan, nan, nan, nan, nan, nan, nan, 115.0, 142.0, nan, nan, nan, nan, nan, nan, nan, 49.0, 53.0, 51.0, 54.0, 52.0, 53.0, 58.0, 66.0, 66.0, 74.0, 66.0, 54.0, 51.0, 49.0, 50.0, 54.0, 60.0, 64.0, 62.0, 67.0, 52.0, 52.0, 50.0, 52.0, 49.0, 53.0, 56.0, 56.0, 58.0, 62.0, 56.0, 57.0, 60.0, 58.0, 126.0, 157.0, nan, nan, nan, nan, nan, nan, nan, nan, nan, nan, nan, nan, nan, nan, nan, nan, nan, nan, nan, nan, 39.0, 38.0, 32.0, 30.0, 32.0, 31.0, 30.0, 29.0, 32.0, 33.0, 31.0, 37.0, 41.0, 44.0, 48.0, 45.0, 39.0, 38.0, 34.0, 31.0, 28.0, 23.0, 23.0, 24.0, 28.0, 34.0, 35.0, 30.0, 31.0, 30.0, 28.0, 29.0, 37.0, 45.0, 49.0, 43.0, 49.0, 40.0, 49.0, 51.0, 53.0, 54.0, 56.0, 55.0, 53.0, 53.0, 56.0, 58.0, 58.0, 53.0, 46.0, 39.0, 36.0, 34.0, 39.0, 41.0, 44.0, 57.0, 72.0, 80.0, 71.0, 71.0, 79.0, 122.0, nan, nan, 220.0, 176.0, 157.0, 143.0, 135.0, 130.0, 125.0, 111.0, 89.0, 78.0, 70.0, 59.0, 56.0, 57.0, 56.0, 52.0, 48.0, 44.0, 43.0, 47.0, 44.0, 40.0, 41.0, 41.0, 42.0, 38.0, 35.0, 33.0, 33.0, 32.0, 33.0, 32.0, 27.0, 28.0, 29.0, 29.0, 28.0, 23.0, 23.0, 24.0, 25.0, 23.0, 22.0, 22.0, 22.0, 22.0, 22.0, 21.0, 20.0, 20.0, 19.0, 18.0, 20.0, 21.0, 21.0, 19.0, 18.0, 17.0, 16.0, 15.0, 15.0, 14.0, 13.0, 14.0, 13.0, 14.0, 16.0, 14.0, 13.0, 13.0, 13.0, 12.0, 12.0, 11.0, 11.0, 12.0, 13.0, 13.0, 13.0, 12.0, 11.0, 10.0, 11.0, 13.0, 14.0, 14.0, 15.0, 18.0, nan, nan, 15.0, nan, 14.0, 14.0, 13.0, 12.0, 12.0, 10.0, 10.0, 11.0, 12.0, 12.0, 12.0, 11.0, 11.0, 11.0, 11.0, 11.0, 12.0, 12.0, 12.0, 14.0, 12.0, 11.0, 11.0, 11.0, 11.0, 11.0, 11.0, 11.0, 10.0, 10.0, 10.0, 9.0, 10.0, 10.0, 10.0, 11.0, 11.0, 11.0, 10.0, 12.0, 17.0, 18.0, 19.0, 22.0, 24.0, 24.0, 22.0, 22.0, 23.0, 21.0, 22.0, 22.0, 24.0, 24.0, 26.0, 26.0, 26.0, 24.0, 19.0, 17.0, 18.0, 16.0, 15.0, 14.0, 15.0, 16.0, 17.0, 19.0, 21.0, 22.0, 22.0, 25.0, 25.0, 22.0, 22.0, 22.0, 20.0, 19.0, 21.0, 21.0, 22.0, 22.0, 17.0, 17.0, 18.0, 18.0, 18.0, 17.0, 17.0, 17.0, 20.0, 27.0, 32.0, 23.0, 21.0, 20.0, 20.0, nan, nan, nan, nan, nan, nan, nan, nan, 20.0, 19.0, 19.0, 18.0, 16.0, 16.0, 17.0, 45.0, 56.0, 25.0, 21.0, 20.0, 20.0, 20.0, 22.0, 22.0, 20.0, 21.0, 21.0, 23.0, 25.0, 25.0, 27.0, 29.0, 25.0, 22.0, 22.0, 24.0, 26.0, 28.0, 24.0, 23.0, 20.0, 22.0, 24.0, 33.0, 40.0, 36.0, 16.0, 13.0, 12.0, 11.0, 10.0, 9.0, 9.0, 8.0, 7.0, 7.0, 7.0, 6.0, 7.0, 7.0, 7.0, 7.0, 7.0, 8.0, 9.0, 12.0, 14.0, 15.0, 14.0, 15.0, 15.0, 15.0, 14.0, 14.0, 13.0, 14.0, 13.0, 13.0, 14.0, 14.0, 15.0, 16.0, 17.0, 17.0, 19.0, 20.0, 23.0, 24.0, 26.0, 30.0, 32.0, 34.0, 35.0, 45.0, 50.0, 44.0, 35.0, 31.0, 36.0, 43.0, 49.0, 48.0, 47.0, 50.0, 47.0, 47.0, 57.0, 58.0, 59.0, 50.0, 46.0, 54.0, 38.0, 14.0, 13.0, 12.0, 12.0, 11.0, 10.0, 10.0, 9.0, 9.0, 8.0, 8.0, 8.0, 7.0, 7.0, 7.0, 8.0, 8.0, 9.0, 11.0, 11.0, 12.0, 13.0, 14.0, 13.0, 14.0, 14.0, 15.0, 14.0, 13.0, 12.0, 11.0, 10.0, 10.0, 10.0, 9.0, 8.0, 8.0, 7.0, 7.0, 7.0, 8.0, 8.0, 8.0, 8.0, 8.0, 7.0, 7.0, 8.0, 10.0, 10.0, 9.0, 10.0, 9.0, 8.0, 8.0, 7.0, 7.0, 7.0, 7.0, 6.0, 6.0, 6.0, nan, 6.0, 6.0, 6.0, 6.0, 6.0, 6.0, 7.0, 7.0, 8.0, 8.0, 10.0, 11.0, 11.0, 11.0, 12.0, 12.0, 11.0, 10.0, 9.0, 8.0, 7.0, 8.0, 8.0, 9.0, 8.0, 9.0, 10.0, 12.0, 12.0, 14.0, 14.0, 15.0, 15.0, 16.0, 20.0, 26.0, 29.0, 36.0, 31.0, 26.0, 28.0, 27.0, 25.0, 23.0, 23.0, 24.0, 24.0, 26.0, 27.0, 28.0, 32.0, 32.0, 34.0, 38.0, 38.0, 29.0, 30.0, 41.0, 52.0, 34.0, 53.0, 56.0, 45.0, 55.0, 49.0, 47.0, 51.0, 42.0, 42.0, 43.0, 39.0, 45.0, 44.0, 34.0, 26.0, nan, 22.0, 20.0, 20.0, 21.0, 24.0, 26.0, 31.0, 29.0, 30.0, 31.0, 30.0, 29.0, 29.0, 30.0, 32.0, 34.0, 33.0, 28.0, 28.0, 30.0, 27.0, 24.0, 26.0, 26.0, 24.0, 27.0, 30.0, 29.0, 29.0, 24.0, 26.0, 24.0, 23.0, 23.0, 23.0, 19.0, 18.0, 17.0, 16.0, 15.0, 13.0, 13.0, 13.0, 13.0, 12.0, 14.0, 12.0, 11.0, 10.0, 9.0, 9.0, 9.0, 9.0, 9.0, 9.0, 10.0, 10.0, 9.0, 9.0, 9.0, 8.0, 8.0, 8.0, 8.0, 7.0, 7.0, 7.0, 7.0, 8.0, 7.0, 9.0, 9.0, 9.0, 9.0, 9.0, 9.0, 9.0, 11.0, 13.0, 18.0, 17.0, 16.0, 17.0, 18.0, 17.0, 16.0, 16.0, 16.0, 16.0, 16.0, 18.0, 20.0, 20.0, 22.0, 24.0, 28.0, 29.0, 24.0, 20.0, 19.0, 19.0, 20.0, 27.0, 26.0, 26.0, 27.0, 27.0, 29.0, 27.0, 29.0, 28.0, 28.0, 28.0, 25.0, 26.0, 28.0, 28.0, 27.0, 31.0, 37.0, 35.0, 27.0, 33.0, 31.0, 38.0, 47.0, 50.0, 58.0, 56.0, 52.0, 48.0, 52.0, 63.0, 58.0, 63.0, 60.0, 58.0, 51.0, 52.0, 54.0, 53.0, 54.0, 43.0, 41.0, 33.0, 37.0, 32.0, 34.0, 34.0, 39.0, 45.0, 51.0, 48.0, 46.0, 48.0, 47.0, 36.0, 36.0, 34.0, 35.0, 38.0, 35.0, 34.0, 32.0, 35.0, 36.0, 31.0, 29.0, 32.0, 33.0, 34.0, 35.0, 37.0, 44.0, 39.0, 58.0, 59.0, 59.0, 58.0, 51.0, 46.0, 39.0, 40.0, 40.0, 37.0, 41.0, 44.0, 47.0, 35.0, 25.0, 27.0, 26.0, 23.0, 22.0, 24.0, 21.0, 22.0, 23.0, 25.0, 25.0, 26.0, 29.0, 32.0, 27.0, 25.0, 30.0, 31.0, 32.0, 32.0, 29.0, 31.0, 36.0, 40.0, 31.0, 33.0, 37.0, 35.0, 36.0, 38.0, 41.0, 39.0, 42.0, 44.0, 40.0, 41.0, 44.0, 41.0, 37.0, 37.0, 37.0, 38.0, 42.0, 37.0, 38.0, 38.0, 39.0, 42.0, 47.0, 39.0, 28.0, 28.0, 28.0, 33.0, 35.0, 36.0, 42.0, 51.0, 59.0, 47.0, 46.0, 41.0, 36.0, 39.0, 39.0, 45.0, 41.0, 41.0, 44.0, 41.0, 46.0, 38.0, 37.0, 36.0, 34.0, 30.0, 29.0, 27.0, 28.0, 32.0, 45.0, 46.0, 47.0, 41.0, 38.0, 36.0, 35.0, 37.0, 38.0, 43.0, 44.0, 43.0, 47.0, 47.0, 53.0, 43.0, 33.0, 30.0, 31.0, 37.0, 33.0, 33.0, 36.0, 44.0, 54.0, 45.0, 44.0, 46.0, 48.0, 48.0, 46.0, 45.0, 45.0, 46.0, 45.0, 44.0, 48.0, 48.0, 48.0, 45.0, 42.0, 38.0, 35.0, 34.0, 35.0, 34.0, 37.0, 41.0, 65.0, 75.0, 83.0, 79.0, 77.0, 74.0, 70.0, 59.0, 49.0, 43.0, 41.0, 41.0, 43.0, 46.0, 47.0, 49.0, 51.0, 52.0, 50.0, 51.0, 53.0, 33.0, 22.0, 29.0, 31.0, 26.0, 23.0, 21.0, 23.0, 20.0, 18.0, 18.0, 17.0, 18.0, 18.0, 18.0, 25.0, 24.0, 20.0, 19.0, 18.0, 15.0, 14.0, 13.0, 13.0, 13.0, 13.0, 13.0, 15.0, 17.0, 17.0, 19.0, 23.0, 24.0, 24.0, 23.0, 22.0, 22.0, 24.0, 27.0, 29.0, 35.0, 30.0, 28.0, 31.0, 27.0, 26.0, 30.0, 29.0, 26.0, 25.0, 26.0, 27.0, 28.0, 28.0, 28.0, 28.0, 23.0, 22.0, 23.0, 23.0, 24.0, 25.0, 23.0, 23.0, 24.0, 27.0, 29.0, 29.0, 31.0, 39.0, 34.0, 34.0, 31.0, 33.0, 26.0, 24.0, 25.0, 26.0, 26.0, 25.0, 23.0, 20.0, 20.0, 21.0, 24.0, 28.0, 29.0, 23.0, 19.0, 21.0, 29.0, 28.0, 27.0, 24.0, 23.0, 20.0, 22.0, 22.0, 23.0, 24.0, 27.0, 34.0, 35.0, 34.0, 36.0, 35.0, 32.0, 31.0, 33.0, 34.0, 34.0, 35.0, 38.0, 39.0, 35.0, 33.0, 32.0, 27.0, 27.0, 28.0, 28.0, 29.0, 29.0, 34.0, 49.0, 52.0, 48.0, 64.0, 62.0, 63.0, 54.0, 45.0, 49.0, 50.0, 45.0, 47.0, 47.0, 47.0, 48.0, 53.0, 59.0, 66.0, 66.0, 62.0, 49.0, 42.0, 33.0, 37.0, 39.0, 44.0, 47.0, 53.0, 48.0, 29.0, 26.0, 26.0, 36.0, 37.0, 38.0, 36.0, 33.0, 34.0, 36.0, 38.0, 37.0, 32.0, 28.0, 23.0, 21.0, 22.0, 23.0, 26.0, 33.0, 30.0, 28.0, 24.0, 23.0, 27.0, 27.0, 27.0, 31.0, 32.0, 33.0, 36.0, 36.0, 38.0, 37.0, 34.0, 34.0, 26.0, 22.0, 18.0, 17.0, 18.0, 20.0, 22.0, 28.0, 28.0, 26.0, 22.0, 21.0, 22.0, 21.0, 24.0, 33.0, 36.0, 30.0, 28.0, 29.0, 31.0, 26.0, 28.0, 26.0, 26.0, 20.0, 21.0, 21.0, 20.0, 22.0, 23.0, 24.0, 26.0, 26.0, 23.0, 23.0, 24.0, 24.0, 28.0, 28.0, 29.0, 36.0, 29.0, 28.0, 28.0, 29.0, 29.0, 31.0, 30.0, 23.0, 21.0, 21.0, 21.0, 23.0, 26.0, 27.0, 26.0, 25.0, 26.0, 25.0, 22.0, nan, 21.0, nan, 24.0, 25.0, 25.0, 24.0, 25.0, 25.0, 25.0, nan, nan, nan, 21.0, 20.0, 20.0, 22.0, 22.0, 24.0, 25.0, 27.0, 26.0, 23.0, 23.0, 23.0, 21.0, 22.0, 21.0, 25.0, 27.0, 24.0, 24.0, 25.0, 21.0, 21.0, 18.0, 17.0, 17.0, 17.0, 17.0, 18.0, 20.0, 20.0, 20.0, 21.0, 20.0, 20.0, 20.0, 26.0, 34.0, 28.0, 26.0, 26.0, 26.0, 30.0, 32.0, 25.0, 22.0, 20.0, 20.0, 20.0, 20.0, 28.0, 35.0, 67.0, 94.0, 74.0, 92.0, 84.0, 68.0, 56.0, 61.0, 65.0, 68.0, 67.0, 65.0, 51.0, 44.0, 51.0, 64.0, 75.0, 58.0, 39.0, 30.0, 26.0, 26.0, 25.0, 27.0, 27.0, 42.0, 44.0, 50.0, 42.0, 29.0, 27.0, 26.0, 26.0, 25.0, 28.0, 26.0, 25.0, 42.0, 63.0, 62.0, 58.0, 48.0, 44.0, 50.0, 50.0, 46.0, 45.0, 42.0, 38.0, 40.0, 35.0, 27.0, 22.0, 20.0, 21.0, 18.0, 16.0, 16.0, 16.0, 15.0, 15.0, 14.0, 15.0, 15.0, 16.0, 16.0, 16.0, 15.0, 16.0, 16.0, 16.0, 17.0, nan, nan, nan, nan, nan, nan, nan, nan, nan, nan, nan, nan, nan, nan, nan, nan, nan, nan, 17.0, 19.0, 17.0, 16.0, 17.0, 21.0, 22.0, 17.0, 15.0, 14.0, 12.0, 12.0, 11.0, 11.0, 10.0, 9.0, 9.0, 10.0, 9.0, 9.0, 9.0, 10.0, 10.0, 11.0, 11.0, 11.0, 12.0, 13.0, 15.0, 16.0, nan, nan, nan, nan, nan, nan, nan, nan, nan, nan, nan, nan, nan, nan, nan, nan, nan, nan, nan, 20.0, 25.0, 22.0, 22.0, 21.0, 22.0, 23.0, 26.0, 30.0, 30.0, 30.0, 28.0, 28.0, 28.0, 27.0, 27.0, 29.0, 30.0, 32.0, 36.0, 37.0, 34.0, 34.0, 36.0, 34.0, 32.0, 32.0, 34.0, 36.0, 39.0, 44.0, 52.0, 60.0, 60.0, 57.0, 59.0, 63.0, 58.0, 54.0, 53.0, 50.0, 50.0, 47.0, 49.0, 54.0, 53.0, 48.0, 41.0, 37.0, 35.0, 34.0, 36.0, 37.0, 37.0, 37.0, 38.0, 36.0, 32.0, 30.0, 31.0, 29.0, 30.0, 28.0, 31.0, 31.0, 32.0, 35.0, 36.0, 42.0, 46.0, 40.0, 30.0, 27.0, 24.0, 24.0, 24.0, 24.0, 24.0, 25.0, 35.0, 41.0, 37.0, 32.0, 35.0, 42.0, 43.0, 42.0, 41.0, 41.0, 41.0, 37.0, 53.0, 41.0, 42.0, 38.0, 42.0, 48.0, 40.0, 34.0, 34.0, 36.0, 43.0, 45.0, 39.0, 39.0, 37.0, 31.0, 30.0, 30.0, 31.0, 34.0, 35.0, 36.0, 39.0, 39.0, 41.0, 45.0, 44.0, 35.0, 40.0, 42.0, 45.0, 45.0, 45.0, 47.0, 50.0, 55.0, 66.0, 70.0, nan, nan, nan, nan, nan, nan, nan, nan, nan, nan, nan, nan, 86.0, 81.0, 69.0, 54.0, 41.0, 31.0, 25.0, 26.0, 23.0, 23.0, 26.0, 28.0, 27.0, 27.0, 30.0, 30.0, 31.0, 31.0, 32.0, 30.0, 31.0, 33.0, 33.0, 31.0, 28.0, 30.0, 32.0, 33.0, 34.0, 31.0, 30.0, 30.0, 34.0, 51.0, 42.0, 46.0, nan, nan, nan, nan, nan, nan, nan, nan, nan, nan, nan, nan, 38.0, 34.0, 33.0, 32.0, 38.0, 36.0, 35.0, nan, 38.0, 40.0, 41.0, 40.0, 41.0, 39.0, nan, nan, nan, nan, nan, nan, nan, nan, nan, nan, nan, 26.0, 21.0, 20.0, 17.0, 20.0, 19.0, 15.0, 14.0, 17.0, 16.0, 17.0, 19.0, 15.0, 15.0, 12.0, 13.0, 13.0, 14.0, 14.0, 15.0, 17.0, 18.0, 18.0, 17.0, 16.0, 17.0, 19.0, 19.0, 19.0, 18.0, 19.0, 21.0, 22.0, 25.0, 30.0, 30.0, 31.0, 33.0, nan, 34.0, 32.0, 31.0, 33.0, 32.0, 34.0, 34.0, 33.0, 31.0, 31.0, nan, 33.0, 33.0, 32.0, 30.0, 31.0, 32.0, 33.0, 34.0, 37.0, 40.0, 41.0, 43.0, nan, 40.0, 43.0, 44.0, 43.0, 42.0, 44.0, 43.0, 46.0, 53.0, 59.0, 63.0, nan, 63.0, 62.0, 63.0, 57.0, 49.0, 47.0, 50.0, 50.0, 53.0, 54.0, 55.0, 55.0, 53.0, 56.0, 56.0, 58.0, 56.0, 50.0, 53.0, 59.0, 57.0, nan, 57.0, 49.0, 44.0, 32.0, 32.0, 35.0, 35.0, 40.0, 45.0, 42.0, 41.0, 37.0, 35.0, 35.0, 34.0, 37.0, 38.0, 41.0, 47.0, 52.0, 68.0, 71.0, 70.0, 72.0, 68.0, 63.0, 53.0, 54.0, 54.0, 53.0, 49.0, 51.0, 51.0, 48.0, 48.0, 51.0, 50.0, 50.0, 49.0, 49.0, 48.0, 46.0, 47.0, 49.0, 48.0, 47.0, 54.0, 55.0, 60.0, 62.0, 50.0, 52.0, 55.0, 66.0, 78.0, 74.0, 76.0, 85.0, 99.0, 94.0, 80.0, 77.0, 80.0, 67.0, 59.0, 56.0, 56.0, 64.0, 79.0, 67.0, 67.0, 49.0, 47.0, 39.0, 31.0, 29.0, 31.0, 34.0, 34.0, 38.0, 50.0, 59.0, nan, 68.0, 74.0, 57.0, 45.0, 43.0, 47.0, 48.0, 47.0, 53.0, 48.0, 49.0, 44.0, 42.0, 39.0, 39.0, 40.0, nan, 37.0, 40.0, nan, 47.0, 51.0, 62.0, 58.0, 62.0, 58.0, 54.0, 56.0, 48.0, 46.0, 42.0, 43.0, 44.0, 45.0, 46.0, 45.0, 49.0, 49.0, 48.0, 50.0, 49.0, 51.0, 49.0, 50.0, 49.0, 39.0, 37.0, 36.0, 35.0, 38.0, 34.0, 32.0, 34.0, 30.0, 32.0, 37.0, 42.0, 45.0, 46.0, 41.0, 48.0, 49.0, 52.0, 60.0, 63.0, 52.0, 45.0, 48.0, 48.0, 57.0, 66.0, nan, 49.0], [82.0, 62.0, 60.0, 72.0, 53.0, 38.0, 36.0, 31.0, 32.0, 27.0, 25.0, 26.0, 24.0, 20.0, 19.0, 30.0, 23.0, 30.0, 34.0, 23.0, 28.0, 29.0, 41.0, 44.0, 43.0, 40.0, 38.0, 31.0, 32.0, 30.0, 40.0, 31.0, 29.0, 45.0, 43.0, 38.0, 34.0, 30.0, 31.0, 53.0, 40.0, nan, nan, nan, nan, nan, nan, nan, nan, nan, nan, nan, nan, nan, nan, nan, nan, nan, nan, nan, nan, nan, nan, nan, nan, nan, nan, nan, 31.0, 35.0, 44.0, 55.0, 54.0, 53.0, 48.0, 49.0, 42.0, 45.0, 47.0, 46.0, 48.0, 53.0, 47.0, 48.0, 46.0, 40.0, 40.0, 50.0, 62.0, 51.0, 41.0, 46.0, 47.0, 49.0, 58.0, 57.0, 64.0, 73.0, 73.0, 68.0, 67.0, 80.0, 100.0, 90.0, 82.0, 76.0, 83.0, 78.0, 81.0, 83.0, 82.0, 96.0, 97.0, 96.0, 69.0, 59.0, nan, 63.0, 57.0, 67.0, 81.0, 104.0, 104.0, 94.0, 80.0, 68.0, 70.0, 69.0, 60.0, 55.0, 52.0, 52.0, 41.0, nan, 37.0, 45.0, 26.0, 23.0, 28.0, 19.0, 28.0, 27.0, 24.0, 22.0, 33.0, 27.0, 32.0, 33.0, 39.0, 37.0, 34.0, 41.0, 37.0, 40.0, 47.0, 41.0, 50.0, 52.0, 52.0, 62.0, 66.0, 65.0, 69.0, 62.0, 67.0, 79.0, 74.0, 80.0, 76.0, 75.0, 72.0, 84.0, 87.0, 100.0, 117.0, 117.0, 118.0, 107.0, 105.0, 98.0, 101.0, 111.0, 107.0, nan, 100.0, 97.0, 94.0, 87.0, 80.0, 86.0, 108.0, 96.0, 91.0, 90.0, 117.0, 125.0, 122.0, 95.0, 105.0, 103.0, 112.0, 97.0, 96.0, 96.0, 92.0, 86.0, 92.0, 97.0, 101.0, 110.0, 108.0, 109.0, 91.0, 99.0, 109.0, 136.0, 128.0, 110.0, 111.0, 99.0, 100.0, 98.0, 99.0, 94.0, 86.0, 84.0, 90.0, 84.0, 79.0, 80.0, 79.0, 82.0, 82.0, 71.0, 75.0, 61.0, nan, nan, nan, nan, nan, nan, nan, nan, nan, nan, nan, nan, nan, nan, nan, nan, nan, nan, nan, 112.0, 114.0, 103.0, 85.0, 88.0, 89.0, nan, 96.0, 109.0, 134.0, 165.0, 165.0, 135.0, 132.0, 117.0, 113.0, 104.0, 116.0, 108.0, 112.0, 103.0, 96.0, 93.0, nan, 107.0, 107.0, 103.0, 90.0, 78.0, 67.0, 92.0, 98.0, nan, 132.0, nan, 110.0, 101.0, 93.0, 106.0, 154.0, 150.0, 147.0, 137.0, 120.0, 113.0, 110.0, 92.0, 102.0, nan, 124.0, 120.0, 131.0, 139.0, 134.0, 126.0, 138.0, 147.0, 158.0, 167.0, 151.0, 146.0, 159.0, 163.0, 145.0, 141.0, 126.0, 131.0, 121.0, 115.0, 113.0, 110.0, 215.0, 133.0, 138.0, 124.0, 111.0, 82.0, 74.0, 80.0, 91.0, 107.0, 120.0, 114.0, 87.0, 92.0, 114.0, 84.0, 77.0, 90.0, 87.0, 84.0, 79.0, 81.0, 73.0, 73.0, nan, nan, nan, nan, nan, nan, nan, nan, 192.0, 237.0, nan, nan, nan, nan, nan, nan, 104.0, 92.0, 91.0, 87.0, 81.0, 81.0, 82.0, 81.0, 91.0, 93.0, 108.0, 109.0, 103.0, 79.0, 77.0, 79.0, 72.0, 94.0, 96.0, 86.0, 106.0, 88.0, 76.0, 72.0, 72.0, 70.0, 71.0, 71.0, 67.0, 67.0, 76.0, 66.0, 95.0, 60.0, 97.0, nan, nan, nan, nan, nan, nan, nan, nan, nan, nan, nan, nan, nan, nan, nan, nan, nan, nan, nan, nan, nan, nan, nan, nan, nan, nan, nan, nan, 50.0, 42.0, 39.0, 45.0, 35.0, 38.0, 53.0, 59.0, 69.0, 65.0, 46.0, 46.0, 36.0, 31.0, 29.0, 28.0, 38.0, 40.0, 47.0, 36.0, 47.0, 35.0, 32.0, 35.0, 31.0, 37.0, 44.0, 64.0, 57.0, 48.0, 53.0, 48.0, 82.0, 51.0, 60.0, 62.0, 58.0, 59.0, 57.0, 54.0, 58.0, 97.0, 97.0, 54.0, 77.0, 49.0, 45.0, 47.0, 53.0, 57.0, 60.0, 73.0, 90.0, 109.0, 109.0, 104.0, 114.0, 196.0, nan, nan, 386.0, 277.0, 231.0, 190.0, 172.0, 159.0, 148.0, 141.0, 116.0, 94.0, 84.0, 66.0, 72.0, 74.0, 90.0, 81.0, 71.0, 71.0, 61.0, 63.0, 66.0, 57.0, 59.0, 54.0, 57.0, 58.0, 43.0, 42.0, 42.0, 41.0, 47.0, 50.0, 36.0, 34.0, 37.0, 38.0, 44.0, 38.0, 25.0, 40.0, 27.0, 31.0, 22.0, 22.0, 22.0, 26.0, 23.0, 27.0, 25.0, 28.0, 26.0, 31.0, 21.0, 30.0, 26.0, 22.0, 18.0, 23.0, 16.0, 18.0, 17.0, 19.0, 14.0, 19.0, 15.0, 18.0, 26.0, 25.0, 15.0, 18.0, 16.0, 16.0, 20.0, 14.0, 13.0, 12.0, 14.0, 14.0, 22.0, 20.0, 18.0, 11.0, 17.0, 23.0, 21.0, 18.0, 24.0, 28.0, nan, nan, 25.0, nan, 23.0, 23.0, 15.0, 16.0, 14.0, 12.0, 12.0, 18.0, 20.0, 20.0, 20.0, 18.0, 11.0, 12.0, 16.0, 17.0, 17.0, 17.0, 17.0, 17.0, 18.0, 18.0, 18.0, 12.0, 15.0, 13.0, 21.0, 20.0, 17.0, 18.0, 16.0, 17.0, 10.0, 17.0, 14.0, 15.0, 19.0, 17.0, 15.0, 20.0, 28.0, 24.0, 25.0, nan, 35.0, 38.0, 30.0, 25.0, 24.0, 33.0, 30.0, 28.0, 26.0, 27.0, 43.0, 43.0, 43.0, 40.0, 32.0, 28.0, 18.0, 22.0, 18.0, 23.0, 19.0, 20.0, 24.0, 29.0, 28.0, 23.0, 37.0, 26.0, 31.0, 32.0, 36.0, 31.0, 25.0, 23.0, 24.0, 24.0, 22.0, 37.0, 18.0, 28.0, 25.0, 25.0, 30.0, 21.0, 23.0, 19.0, 28.0, 45.0, 48.0, 35.0, 22.0, 20.0, 33.0, nan, nan, nan, nan, nan, nan, nan, nan, 20.0, 27.0, 32.0, 23.0, 21.0, 21.0, 20.0, 75.0, 77.0, 40.0, 27.0, 27.0, 24.0, 21.0, 27.0, 27.0, 28.0, 33.0, 28.0, 31.0, 32.0, 32.0, 31.0, 34.0, 56.0, 29.0, 25.0, 33.0, 28.0, 42.0, 27.0, 25.0, 30.0, 24.0, 26.0, 34.0, 47.0, 48.0, 22.0, 15.0, 13.0, 18.0, 17.0, 9.0, 10.0, 13.0, 12.0, 10.0, 12.0, 10.0, 10.0, 15.0, 9.0, 9.0, 14.0, 22.0, 19.0, 25.0, 29.0, 27.0, 21.0, 17.0, 19.0, 20.0, 23.0, 18.0, 15.0, 17.0, 21.0, 16.0, 18.0, 18.0, 33.0, 31.0, 74.0, 65.0, 33.0, 27.0, 46.0, 53.0, 37.0, 35.0, 43.0, 57.0, 43.0, 64.0, 67.0, 57.0, 55.0, 39.0, 60.0, 72.0, 53.0, 51.0, 48.0, 83.0, 53.0, 78.0, 95.0, 68.0, 70.0, 54.0, 77.0, 90.0, 47.0, 23.0, 22.0, 20.0, 20.0, 18.0, 17.0, 17.0, 15.0, 15.0, 13.0, 13.0, 13.0, 12.0, 12.0, 7.0, 13.0, 13.0, 17.0, 13.0, 15.0, 12.0, 19.0, 17.0, 17.0, 14.0, 16.0, 17.0, 19.0, 15.0, 20.0, 11.0, 14.0, 17.0, 17.0, 15.0, 13.0, 13.0, 12.0, 12.0, 12.0, 8.0, 13.0, 10.0, 13.0, 12.0, 10.0, 10.0, 11.0, 20.0, 17.0, 9.0, 13.0, 15.0, 12.0, 13.0, 7.0, 8.0, 12.0, 12.0, 10.0, 6.0, 10.0, nan, 10.0, 6.0, 8.0, 15.0, 10.0, 16.0, 14.0, 12.0, 19.0, 18.0, 19.0, 25.0, 15.0, 16.0, 17.0, 17.0, 20.0, 18.0, 15.0, 16.0, 12.0, 19.0, 15.0, 12.0, 12.0, 11.0, 17.0, 15.0, 17.0, 20.0, 20.0, 28.0, 28.0, 29.0, 26.0, 35.0, 35.0, 43.0, 48.0, 42.0, 41.0, 47.0, 43.0, 36.0, 35.0, 39.0, 35.0, 38.0, 41.0, 40.0, 49.0, 53.0, 41.0, 63.0, 43.0, 45.0, 31.0, 44.0, 58.0, 44.0, 56.0, 80.0, 71.0, 66.0, 81.0, 63.0, 76.0, 77.0, 61.0, 63.0, 53.0, 60.0, 70.0, 47.0, 27.0, nan, 37.0, 20.0, 33.0, 33.0, 27.0, 35.0, 43.0, 38.0, 38.0, 39.0, 37.0, 34.0, 35.0, 35.0, 39.0, 43.0, 48.0, 36.0, 31.0, 33.0, 34.0, 27.0, 43.0, 34.0, 30.0, 27.0, 35.0, 41.0, 38.0, 36.0, 33.0, 31.0, 26.0, 38.0, 27.0, 32.0, 30.0, 22.0, 16.0, 22.0, 18.0, 22.0, 15.0, 15.0, 13.0, 15.0, 14.0, 16.0, 13.0, 15.0, 15.0, 14.0, 9.0, 11.0, 15.0, 15.0, 17.0, 15.0, 15.0, 15.0, 9.0, 13.0, 13.0, 13.0, 8.0, 12.0, 7.0, 8.0, 9.0, 8.0, 11.0, 14.0, 16.0, 15.0, 15.0, 10.0, 16.0, 26.0, 26.0, 33.0, 28.0, 23.0, 20.0, 31.0, 39.0, 27.0, 30.0, 28.0, 29.0, 29.0, 32.0, 40.0, 35.0, 36.0, 44.0, 48.0, 43.0, 44.0, 21.0, 19.0, 32.0, 25.0, 45.0, 38.0, 34.0, 31.0, 29.0, 48.0, 30.0, 41.0, 45.0, 40.0, 41.0, 44.0, 40.0, 43.0, 47.0, 40.0, 42.0, 52.0, 57.0, 43.0, 35.0, 39.0, 50.0, 55.0, 65.0, 62.0, 65.0, 56.0, 60.0, 53.0, 89.0, 111.0, 92.0, 92.0, 79.0, 75.0, 60.0, 63.0, 72.0, 62.0, 58.0, 41.0, 55.0, 62.0, 33.0, 57.0, 36.0, 47.0, 63.0, 64.0, 58.0, 50.0, 80.0, 57.0, 48.0, 53.0, 45.0, 58.0, 44.0, 42.0, 37.0, 38.0, 38.0, 49.0, 42.0, 33.0, 33.0, 36.0, 38.0, 47.0, 44.0, 68.0, 48.0, 97.0, 63.0, 98.0, 97.0, 85.0, 49.0, 56.0, 47.0, 43.0, 41.0, 42.0, 73.0, 49.0, 40.0, 42.0, 45.0, 33.0, 32.0, 32.0, 32.0, 28.0, 32.0, 31.0, 36.0, 34.0, 29.0, 37.0, 32.0, 29.0, 30.0, 39.0, 51.0, 43.0, 83.0, 40.0, 36.0, 44.0, 68.0, 39.0, 34.0, 45.0, 45.0, 47.0, 48.0, 57.0, 50.0, 53.0, 59.0, 50.0, 41.0, 73.0, 42.0, 41.0, 46.0, 53.0, 50.0, 48.0, 42.0, 48.0, 49.0, 52.0, 48.0, 71.0, 59.0, 39.0, 38.0, 31.0, 41.0, 39.0, 62.0, 55.0, 69.0, 76.0, 57.0, 50.0, 68.0, 60.0, 65.0, 49.0, 47.0, 43.0, 43.0, 73.0, 45.0, 52.0, 56.0, 51.0, 42.0, 44.0, 39.0, 34.0, 33.0, 38.0, 45.0, 60.0, 62.0, 61.0, 56.0, 48.0, 46.0, 38.0, 62.0, 56.0, 51.0, 57.0, 63.0, 61.0, 70.0, 64.0, 60.0, 51.0, 32.0, 31.0, 43.0, 48.0, 36.0, 43.0, 48.0, 59.0, 59.0, 58.0, 52.0, 59.0, 49.0, 48.0, 56.0, 50.0, 55.0, 53.0, 47.0, 50.0, 60.0, 67.0, 65.0, 49.0, 41.0, 47.0, 40.0, 45.0, 38.0, 47.0, 56.0, 108.0, 82.0, 96.0, 81.0, 80.0, 123.0, 117.0, 75.0, 75.0, 64.0, 58.0, 59.0, 66.0, 72.0, 75.0, 77.0, 80.0, 79.0, 87.0, 84.0, 86.0, 58.0, 37.0, 48.0, 31.0, 34.0, 26.0, 22.0, 38.0, 20.0, 22.0, 30.0, 27.0, 30.0, 20.0, 22.0, 27.0, 28.0, 24.0, 27.0, 24.0, 18.0, 19.0, 15.0, 14.0, 22.0, 23.0, 23.0, 24.0, 34.0, 32.0, 26.0, 38.0, 41.0, 37.0, 35.0, 30.0, 32.0, 34.0, 41.0, 40.0, 52.0, 49.0, 40.0, 42.0, 40.0, 31.0, 38.0, 42.0, 38.0, 34.0, 37.0, 39.0, 38.0, 39.0, 39.0, 38.0, 23.0, 37.0, 38.0, 28.0, 36.0, 26.0, 23.0, 23.0, 40.0, 27.0, 39.0, 37.0, 38.0, 48.0, 47.0, 37.0, 39.0, 42.0, 30.0, 29.0, 25.0, 43.0, 29.0, 42.0, 24.0, 33.0, 33.0, 21.0, 24.0, 47.0, 38.0, 30.0, 19.0, 35.0, 30.0, 36.0, 38.0, 37.0, 37.0, 35.0, 32.0, 30.0, 31.0, 32.0, 35.0, 51.0, 49.0, 47.0, 50.0, 54.0, 38.0, 38.0, 43.0, 48.0, 47.0, 51.0, 50.0, 50.0, 47.0, 44.0, 42.0, 30.0, 32.0, 30.0, 34.0, 36.0, 37.0, 47.0, 60.0, 65.0, 62.0, 66.0, 80.0, 105.0, 55.0, 59.0, 58.0, 57.0, 56.0, 48.0, 51.0, 56.0, 54.0, 56.0, 98.0, 71.0, 69.0, 65.0, 63.0, 47.0, 42.0, 48.0, 53.0, 56.0, 68.0, 64.0, 71.0, 34.0, 31.0, 31.0, 37.0, 46.0, 44.0, 45.0, 39.0, 46.0, 46.0, 57.0, 47.0, 40.0, 35.0, 34.0, 23.0, 34.0, 37.0, 40.0, 44.0, 45.0, 41.0, 34.0, 27.0, 44.0, 44.0, 44.0, 46.0, 37.0, 39.0, 39.0, 41.0, 45.0, 51.0, 64.0, 49.0, 27.0, 27.0, 24.0, 20.0, 23.0, 31.0, 36.0, 41.0, 46.0, 44.0, 27.0, 35.0, 22.0, 25.0, 34.0, 40.0, 36.0, 36.0, 34.0, 45.0, 52.0, 43.0, 42.0, 37.0, 44.0, 20.0, 28.0, 30.0, 31.0, 36.0, 39.0, 36.0, 32.0, 37.0, 26.0, 38.0, 28.0, 36.0, 45.0, 46.0, 39.0, 39.0, 45.0, 35.0, 32.0, 37.0, 33.0, 45.0, 37.0, 86.0, 417.0, 43.0, 48.0, 48.0, 49.0, 50.0, 38.0, 35.0, 29.0, 27.0, 30.0, nan, 30.0, nan, 41.0, 46.0, 40.0, 34.0, 31.0, 37.0, 93.0, nan, nan, nan, 22.0, 31.0, 33.0, 35.0, 31.0, 37.0, 36.0, 30.0, 32.0, 25.0, 27.0, 28.0, 34.0, 32.0, 31.0, 26.0, 37.0, 40.0, 31.0, 35.0, 28.0, 28.0, 18.0, 24.0, 28.0, 27.0, 31.0, 32.0, 41.0, 34.0, 34.0, 31.0, 30.0, 71.0, 35.0, 38.0, 50.0, 49.0, 36.0, 40.0, 45.0, 50.0, 54.0, 39.0, 32.0, 20.0, 23.0, 22.0, 20.0, 32.0, 54.0, 79.0, 129.0, 118.0, 101.0, 100.0, 80.0, 93.0, 102.0, 108.0, 92.0, 73.0, 77.0, 61.0, 73.0, 85.0, 67.0, 84.0, 82.0, 46.0, 31.0, 43.0, 43.0, 42.0, 31.0, 34.0, 70.0, 54.0, 69.0, 69.0, 43.0, 30.0, 29.0, 38.0, 43.0, 40.0, 44.0, 36.0, 70.0, 68.0, 78.0, 82.0, 65.0, 49.0, 53.0, 73.0, 64.0, 51.0, 53.0, 64.0, 55.0, 81.0, 70.0, 34.0, 26.0, 25.0, 22.0, 19.0, 23.0, 20.0, 25.0, 18.0, 23.0, 25.0, 19.0, 21.0, 21.0, 18.0, 17.0, 16.0, 21.0, 27.0, 20.0, nan, nan, nan, nan, nan, nan, nan, nan, nan, nan, nan, nan, nan, nan, nan, nan, nan, nan, 24.0, 27.0, 23.0, 19.0, 20.0, 28.0, 40.0, 35.0, 18.0, 23.0, 20.0, 20.0, 18.0, 18.0, 17.0, 15.0, 15.0, 17.0, 15.0, 15.0, 15.0, 11.0, 42.0, 30.0, 22.0, 24.0, 26.0, 17.0, 25.0, 25.0, nan, nan, nan, nan, nan, nan, nan, nan, nan, nan, nan, nan, nan, nan, nan, nan, nan, nan, nan, 23.0, 42.0, 29.0, 22.0, 32.0, 37.0, 39.0, 38.0, 41.0, 42.0, 42.0, 36.0, 33.0, 35.0, 36.0, 31.0, 29.0, 31.0, 32.0, 36.0, 44.0, 36.0, 34.0, 46.0, 51.0, 39.0, 38.0, 41.0, 43.0, 47.0, 62.0, 74.0, 97.0, 74.0, 71.0, 98.0, 89.0, 82.0, 71.0, 70.0, 68.0, 77.0, 81.0, 68.0, 67.0, 70.0, 79.0, 80.0, 73.0, 77.0, 80.0, 81.0, 79.0, 84.0, 89.0, 90.0, 92.0, 82.0, 69.0, 62.0, 66.0, 51.0, 52.0, 54.0, 70.0, 63.0, 61.0, 74.0, 76.0, 87.0, 86.0, 65.0, 50.0, 49.0, 39.0, 42.0, 41.0, 42.0, 45.0, 57.0, 107.0, 76.0, 73.0, 68.0, 99.0, 112.0, 96.0, 89.0, 82.0, 69.0, 74.0, 68.0, 69.0, 85.0, 73.0, 68.0, 76.0, 83.0, 52.0, 57.0, 60.0, 72.0, 83.0, 70.0, 64.0, 60.0, 50.0, 46.0, 51.0, 57.0, 60.0, 105.0, 62.0, 67.0, 72.0, 60.0, 67.0, 62.0, 62.0, 61.0, 65.0, 70.0, 63.0, 72.0, 73.0, 75.0, 90.0, 89.0, 100.0, nan, nan, nan, nan, nan, nan, nan, nan, nan, nan, nan, nan, 106.0, 98.0, 85.0, 70.0, 57.0, 53.0, 37.0, 36.0, 32.0, 31.0, 44.0, 55.0, 54.0, 42.0, 45.0, 44.0, 41.0, 48.0, 51.0, 42.0, 43.0, 52.0, 55.0, 56.0, 47.0, 45.0, 50.0, 44.0, 41.0, 40.0, 42.0, 42.0, 45.0, 56.0, 63.0, 49.0, nan, nan, nan, nan, nan, nan, nan, nan, nan, nan, nan, nan, 63.0, 42.0, 55.0, 40.0, 48.0, 47.0, 50.0, nan, 49.0, 53.0, 49.0, 54.0, 46.0, 45.0, nan, nan, nan, nan, nan, nan, nan, nan, nan, nan, nan, 30.0, 35.0, 33.0, 28.0, 33.0, 32.0, 27.0, 18.0, 28.0, 27.0, 28.0, 32.0, 25.0, 25.0, 20.0, 15.0, 14.0, 15.0, 23.0, 20.0, 26.0, 24.0, 22.0, 23.0, 25.0, 21.0, 25.0, 24.0, 21.0, 22.0, 29.0, 29.0, 29.0, 34.0, 40.0, 41.0, 42.0, 34.0, nan, 51.0, 44.0, 40.0, 42.0, 46.0, 50.0, 39.0, 42.0, 42.0, 37.0, nan, 45.0, 44.0, 35.0, 31.0, 48.0, 38.0, 41.0, 40.0, 46.0, 48.0, 52.0, 46.0, nan, 53.0, 50.0, 67.0, 67.0, 57.0, 62.0, 48.0, 53.0, 70.0, 91.0, 102.0, nan, 67.0, 81.0, 78.0, 78.0, 62.0, 51.0, 52.0, 56.0, 88.0, 90.0, 92.0, 58.0, 68.0, 85.0, 72.0, 69.0, 59.0, 83.0, 57.0, 67.0, 75.0, nan, 82.0, 63.0, 68.0, 53.0, 38.0, 38.0, 58.0, 40.0, 56.0, 50.0, 43.0, 44.0, 58.0, 35.0, 34.0, 55.0, 56.0, 56.0, 59.0, 72.0, 84.0, 92.0, 80.0, 94.0, 74.0, 74.0, 70.0, 57.0, 64.0, 58.0, 62.0, 61.0, 58.0, 50.0, 80.0, 85.0, 83.0, 58.0, 66.0, 57.0, 58.0, 51.0, 52.0, 82.0, 64.0, 47.0, 59.0, 75.0, 66.0, 70.0, 70.0, 87.0, 61.0, 69.0, 93.0, 85.0, 87.0, 92.0, 165.0, 96.0, 116.0, 100.0, 120.0, 102.0, 84.0, 75.0, 73.0, 82.0, 99.0, 105.0, 80.0, 65.0, 61.0, 67.0, 49.0, 38.0, 42.0, 49.0, 47.0, 58.0, 78.0, 103.0, nan, 118.0, 99.0, 76.0, 61.0, 56.0, 49.0, 48.0, 53.0, 88.0, 52.0, 82.0, 49.0, 48.0, 52.0, 59.0, 43.0, nan, 48.0, 66.0, nan, 76.0, 69.0, 93.0, 102.0, 73.0, 81.0, 76.0, 70.0, 78.0, 67.0, 54.0, 46.0, 47.0, 51.0, 50.0, 55.0, 63.0, 71.0, 71.0, 68.0, 69.0, 80.0, 62.0, 68.0, 82.0, 65.0, 38.0, 60.0, 58.0, 63.0, 57.0, 36.0, 40.0, 37.0, 34.0, 54.0, 48.0, 61.0, 62.0, 55.0, 56.0, 68.0, 63.0, 77.0, 63.0, 111.0, 56.0, 51.0, 53.0, 64.0, 78.0, nan, 82.0], [34.0, 25.0, 52.0, 35.0, 31.0, 28.0, 27.0, nan, nan, 28.0, 26.0, 24.0, 22.0, 22.0, 19.0, 19.0, 18.0, 16.0, 17.0, 17.0, 17.0, 21.0, 19.0, 23.0, 29.0, 26.0, 25.0, 24.0, 23.0, 23.0, 20.0, 21.0, 25.0, 28.0, 25.0, 24.0, 18.0, 22.0, 26.0, 25.0, 24.0, nan, nan, nan, nan, nan, nan, nan, nan, nan, nan, nan, nan, nan, nan, nan, nan, nan, nan, nan, nan, nan, nan, nan, nan, nan, nan, nan, 17.0, 19.0, 28.0, 34.0, 39.0, 35.0, 33.0, 36.0, 31.0, 26.0, 23.0, 29.0, 33.0, 32.0, 29.0, 30.0, 24.0, 21.0, 25.0, 24.0, 24.0, 23.0, 20.0, 22.0, 23.0, 24.0, 23.0, 20.0, 32.0, 41.0, 44.0, 51.0, 56.0, 65.0, 64.0, nan, nan, 55.0, 52.0, 55.0, 63.0, 55.0, 48.0, 48.0, 48.0, 35.0, 21.0, 17.0, nan, 20.0, 20.0, 27.0, 46.0, 60.0, 54.0, 48.0, 46.0, 40.0, 30.0, 30.0, 21.0, 23.0, 23.0, 21.0, 20.0, nan, 22.0, 20.0, 18.0, 20.0, 21.0, 21.0, 19.0, 20.0, 24.0, 25.0, 23.0, 23.0, 19.0, 16.0, 14.0, 13.0, 12.0, nan, nan, 11.0, 12.0, 12.0, 13.0, 15.0, 19.0, 19.0, 17.0, 17.0, 18.0, 15.0, 16.0, 22.0, 21.0, 23.0, 24.0, 23.0, 24.0, 24.0, 25.0, 24.0, 23.0, 22.0, 22.0, 20.0, 19.0, 17.0, 27.0, 42.0, 46.0, nan, 32.0, 29.0, 29.0, 22.0, 26.0, 23.0, 30.0, 22.0, 26.0, 40.0, 59.0, 75.0, 85.0, 81.0, 80.0, nan, nan, 58.0, 57.0, 60.0, 54.0, 54.0, 47.0, 52.0, 57.0, 53.0, 52.0, 48.0, 40.0, 30.0, 36.0, 42.0, 39.0, 41.0, 41.0, 38.0, 42.0, 37.0, 31.0, 28.0, 28.0, 25.0, 24.0, 19.0, 20.0, 31.0, 30.0, 24.0, 22.0, 19.0, 16.0, 15.0, nan, nan, nan, nan, nan, nan, 81.0, 81.0, 90.0, 85.0, 66.0, nan, nan, 53.0, 42.0, 47.0, 55.0, 63.0, 70.0, 47.0, 42.0, 30.0, 24.0, 26.0, 24.0, nan, 26.0, 40.0, 76.0, 86.0, 96.0, 69.0, 78.0, 52.0, 43.0, 58.0, 57.0, 58.0, 64.0, 55.0, 58.0, 58.0, nan, 57.0, 42.0, 29.0, 21.0, 17.0, 19.0, 22.0, 27.0, nan, 60.0, nan, 46.0, 38.0, 51.0, 78.0, 62.0, nan, nan, 55.0, 44.0, 45.0, 77.0, 73.0, 70.0, nan, 85.0, 74.0, 61.0, nan, 58.0, 60.0, 60.0, 54.0, 62.0, 87.0, 77.0, 90.0, 95.0, 62.0, 65.0, 81.0, 75.0, 67.0, 53.0, 59.0, 57.0, 48.0, 50.0, 55.0, 47.0, 38.0, 26.0, 20.0, 18.0, 19.0, 20.0, 24.0, 38.0, 31.0, 30.0, 74.0, 71.0, 76.0, 79.0, nan, nan, 60.0, 58.0, 56.0, 51.0, 47.0, nan, nan, nan, nan, nan, nan, nan, nan, nan, 34.0, 67.0, 52.0, 46.0, 51.0, 82.0, 89.0, 88.0, 87.0, 73.0, 73.0, 68.0, 66.0, 66.0, 62.0, 58.0, 60.0, 66.0, 50.0, 26.0, 22.0, 19.0, 17.0, 16.0, 21.0, 26.0, 31.0, 52.0, 28.0, 32.0, 20.0, 28.0, nan, nan, 37.0, 41.0, 46.0, 44.0, 42.0, 47.0, 49.0, 44.0, nan, 18.0, 21.0, nan, nan, nan, 45.0, nan, 41.0, nan, 50.0, 35.0, 42.0, 41.0, nan, nan, 11.0, 10.0, 10.0, 15.0, 12.0, 23.0, 26.0, 18.0, 10.0, 11.0, 11.0, 10.0, 13.0, 10.0, 14.0, 16.0, 15.0, 23.0, 42.0, 53.0, 47.0, 33.0, nan, nan, 30.0, 27.0, 23.0, 22.0, 20.0, 18.0, 23.0, 28.0, 34.0, 20.0, 13.0, 9.0, 8.0, 9.0, 15.0, 21.0, 27.0, 24.0, 41.0, 30.0, 29.0, 12.0, nan, nan, 11.0, 11.0, 11.0, 11.0, 18.0, 16.0, 13.0, 10.0, 9.0, 8.0, 9.0, 8.0, 9.0, 10.0, 11.0, 14.0, 16.0, 17.0, 15.0, 14.0, 14.0, 17.0, nan, nan, 16.0, 14.0, 13.0, 12.0, 11.0, 11.0, 10.0, 10.0, 9.0, 8.0, 8.0, 8.0, 8.0, 9.0, 12.0, 13.0, 14.0, 13.0, 12.0, 12.0, 11.0, 10.0, nan, nan, 12.0, 10.0, 9.0, 10.0, 11.0, 13.0, 12.0, 9.0, 8.0, 8.0, 8.0, 9.0, 11.0, 8.0, 8.0, 10.0, 10.0, 9.0, 8.0, 9.0, 9.0, 9.0, nan, nan, 10.0, 9.0, 9.0, 11.0, 13.0, 13.0, 16.0, 12.0, 10.0, 7.0, 6.0, 7.0, 8.0, 9.0, 11.0, 13.0, 13.0, 17.0, 27.0, 26.0, 22.0, 19.0, nan, nan, 11.0, 11.0, 15.0, 19.0, 16.0, 21.0, 16.0, 14.0, 12.0, 10.0, 9.0, 9.0, 10.0, 11.0, 18.0, 16.0, nan, nan, 10.0, nan, 8.0, 8.0, nan, nan, 10.0, 9.0, 8.0, 8.0, 10.0, 10.0, 10.0, 8.0, 8.0, 10.0, 11.0, 12.0, 13.0, 16.0, 17.0, 23.0, 21.0, 11.0, 10.0, 14.0, 12.0, 12.0, nan, nan, 13.0, 11.0, 10.0, 11.0, 15.0, 16.0, 13.0, 17.0, 15.0, 12.0, 10.0, 8.0, 9.0, 10.0, 11.0, 25.0, 22.0, 19.0, 15.0, 17.0, 15.0, 14.0, nan, nan, 13.0, 14.0, 14.0, 14.0, 27.0, 22.0, 11.0, 12.0, 12.0, 9.0, 7.0, 7.0, 9.0, 10.0, 12.0, 10.0, 12.0, 16.0, 14.0, 20.0, 22.0, 18.0, nan, nan, 11.0, 12.0, 13.0, 18.0, 23.0, 14.0, 9.0, 9.0, 10.0, 9.0, 8.0, 8.0, 8.0, 9.0, 11.0, 19.0, 26.0, 13.0, 9.0, 9.0, 11.0, nan, nan, nan, nan, nan, nan, nan, nan, 15.0, 12.0, 10.0, 8.0, 8.0, 8.0, 10.0, 16.0, 18.0, 13.0, 14.0, 10.0, 9.0, 9.0, 15.0, 18.0, 11.0, nan, nan, 10.0, 10.0, 11.0, 13.0, 17.0, 12.0, 8.0, 8.0, 9.0, 11.0, 11.0, 10.0, 11.0, 9.0, 12.0, 15.0, 23.0, 37.0, 37.0, 14.0, 11.0, 11.0, nan, nan, 9.0, 8.0, 8.0, 10.0, 11.0, 12.0, 10.0, 9.0, 8.0, 9.0, 8.0, 10.0, 11.0, 12.0, 14.0, 18.0, 16.0, 15.0, 16.0, 13.0, 11.0, 10.0, nan, nan, 15.0, 14.0, 12.0, 12.0, 15.0, 18.0, 21.0, 17.0, 17.0, 19.0, 16.0, 18.0, 17.0, 17.0, 16.0, 17.0, 20.0, 36.0, 35.0, 26.0, 24.0, 15.0, nan, nan, 17.0, 18.0, 17.0, 19.0, 27.0, 32.0, 30.0, 39.0, 32.0, 28.0, 24.0, 25.0, 41.0, 31.0, 22.0, 22.0, 18.0, 18.0, 18.0, 15.0, 13.0, 13.0, nan, nan, 11.0, 14.0, 14.0, 16.0, 22.0, 28.0, 28.0, 26.0, 28.0, 17.0, 14.0, 16.0, 25.0, 28.0, 27.0, 29.0, 28.0, 27.0, 21.0, 19.0, 17.0, 17.0, nan, nan, 17.0, 14.0, 12.0, 14.0, 17.0, 25.0, 23.0, 26.0, 24.0, 19.0, 18.0, 21.0, 20.0, 25.0, 28.0, 24.0, 21.0, 27.0, 20.0, 19.0, 19.0, 16.0, nan, nan, 13.0, 13.0, 11.0, 15.0, nan, 19.0, 15.0, 13.0, 12.0, 12.0, 12.0, 13.0, 14.0, 18.0, 21.0, 26.0, 22.0, 22.0, 19.0, 17.0, 19.0, 15.0, nan, nan, 15.0, 13.0, 16.0, 14.0, 22.0, 17.0, 17.0, 16.0, 19.0, 14.0, 20.0, 22.0, 26.0, 27.0, 22.0, 24.0, 33.0, 37.0, 47.0, 41.0, 39.0, 36.0, nan, nan, 34.0, 33.0, 32.0, 32.0, 33.0, 35.0, 41.0, 37.0, 22.0, 21.0, 23.0, 22.0, 13.0, 14.0, 27.0, 59.0, 21.0, 45.0, 54.0, 43.0, 47.0, 40.0, nan, nan, 37.0, 32.0, 31.0, 32.0, 44.0, 42.0, 30.0, 19.0, nan, 9.0, 7.0, 8.0, 9.0, 10.0, 19.0, 22.0, 19.0, 22.0, 26.0, 17.0, 16.0, 14.0, nan, nan, 14.0, 12.0, 11.0, 14.0, 21.0, 22.0, 17.0, 16.0, 21.0, 13.0, 13.0, 18.0, 18.0, 22.0, 21.0, 25.0, 21.0, 19.0, 24.0, 22.0, 13.0, 15.0, nan, nan, 16.0, 14.0, 15.0, 17.0, 18.0, 23.0, 22.0, 25.0, 18.0, 18.0, 19.0, 26.0, 24.0, 26.0, 28.0, 30.0, 28.0, 24.0, 19.0, 17.0, 17.0, 20.0, nan, nan, 17.0, 16.0, 15.0, 14.0, 20.0, 28.0, 18.0, 20.0, 22.0, 13.0, 13.0, 13.0, 11.0, 14.0, 23.0, 29.0, 37.0, 30.0, 27.0, 31.0, 44.0, 38.0, nan, nan, 34.0, 34.0, 35.0, 33.0, 33.0, 32.0, 38.0, 41.0, 44.0, 45.0, 27.0, 14.0, 15.0, 18.0, 18.0, 26.0, 34.0, 40.0, 37.0, 37.0, 35.0, 34.0, 32.0, 30.0, 30.0, 28.0, 26.0, 26.0, 25.0, 25.0, 29.0, 40.0, 49.0, 39.0, 22.0, 34.0, 24.0, 31.0, 44.0, 43.0, 39.0, 41.0, 46.0, 45.0, 58.0, 65.0, 55.0, 52.0, 48.0, 44.0, 41.0, 40.0, 43.0, 43.0, 51.0, 27.0, 28.0, 19.0, 23.0, 20.0, 24.0, 29.0, 42.0, 44.0, 50.0, 39.0, 38.0, 46.0, 42.0, 32.0, 38.0, 29.0, 21.0, 20.0, 15.0, 16.0, 26.0, 36.0, 32.0, 33.0, 24.0, 25.0, 21.0, 26.0, 22.0, 32.0, 60.0, 41.0, 67.0, 53.0, 57.0, 51.0, 46.0, 40.0, 30.0, 24.0, 26.0, 22.0, 27.0, 25.0, 27.0, 22.0, 14.0, 12.0, 11.0, 10.0, 9.0, 10.0, 8.0, 8.0, 9.0, 16.0, 13.0, 22.0, 27.0, 23.0, 18.0, 19.0, 25.0, 23.0, nan, nan, 16.0, 29.0, 38.0, 39.0, 28.0, 33.0, 29.0, 25.0, 23.0, 37.0, 26.0, 18.0, 27.0, 26.0, 27.0, 30.0, 36.0, 32.0, 36.0, 27.0, 29.0, 29.0, 33.0, 35.0, 35.0, 35.0, 32.0, 44.0, 66.0, 38.0, 15.0, 11.0, 10.0, 10.0, 10.0, 17.0, 22.0, 31.0, 26.0, 18.0, 18.0, 19.0, 20.0, 22.0, 20.0, 26.0, 28.0, 29.0, 36.0, 31.0, 29.0, 23.0, 17.0, 18.0, 20.0, 12.0, 12.0, 9.0, 12.0, 14.0, 16.0, 19.0, 24.0, 24.0, 25.0, 23.0, 24.0, 27.0, 32.0, 45.0, 40.0, 32.0, 47.0, 40.0, 41.0, 28.0, 24.0, 18.0, 21.0, 17.0, 14.0, 13.0, 11.0, 13.0, 14.0, 16.0, 22.0, 26.0, 24.0, 20.0, 18.0, 17.0, 16.0, 14.0, 15.0, 17.0, 17.0, 19.0, 22.0, 20.0, 22.0, 19.0, 18.0, 14.0, 12.0, 10.0, 14.0, 16.0, 19.0, 25.0, 28.0, 26.0, 29.0, 25.0, 26.0, 22.0, 22.0, 21.0, 18.0, 18.0, 24.0, 23.0, 29.0, 31.0, 28.0, 25.0, 22.0, 24.0, 33.0, 23.0, 19.0, 23.0, 33.0, 38.0, 24.0, 25.0, 30.0, 31.0, 27.0, 22.0, 22.0, 21.0, 15.0, 12.0, 14.0, 18.0, 20.0, 21.0, 22.0, 20.0, 14.0, 11.0, 9.0, 15.0, 13.0, 15.0, 23.0, 23.0, 20.0, 19.0, 20.0, 16.0, 15.0, 14.0, 14.0, 13.0, nan, nan, 18.0, 24.0, 29.0, 22.0, 23.0, 18.0, 15.0, 16.0, 15.0, 15.0, 16.0, 19.0, 19.0, 26.0, 29.0, 26.0, 24.0, 12.0, 10.0, 11.0, 13.0, 12.0, 12.0, 11.0, 10.0, 16.0, 23.0, 29.0, 27.0, 30.0, 34.0, 22.0, 21.0, 29.0, 32.0, 29.0, 36.0, 41.0, 45.0, 46.0, 39.0, 35.0, 27.0, 23.0, 21.0, 21.0, 26.0, 37.0, 24.0, 25.0, 31.0, 30.0, 25.0, 24.0, 23.0, 26.0, 21.0, 21.0, 18.0, 18.0, 24.0, 36.0, 34.0, 30.0, 32.0, 41.0, 46.0, 28.0, 32.0, 45.0, 45.0, 49.0, 42.0, 42.0, 36.0, 30.0, 27.0, 25.0, 21.0, 14.0, 12.0, 14.0, 13.0, 14.0, 17.0, 31.0, 33.0, 36.0, 55.0, 40.0, 34.0, 27.0, 30.0, 29.0, 27.0, 27.0, 29.0, 28.0, 32.0, 29.0, 30.0, 28.0, 30.0, 29.0, 26.0, 21.0, 19.0, 17.0, 18.0, 21.0, 27.0, 39.0, 40.0, 34.0, 19.0, 15.0, 14.0, 20.0, 18.0, 19.0, 16.0, 18.0, 26.0, 27.0, 37.0, 25.0, 18.0, 14.0, 12.0, 10.0, 11.0, 13.0, 14.0, 24.0, 23.0, 26.0, 18.0, 15.0, 26.0, 28.0, 28.0, 24.0, 23.0, 23.0, 19.0, 22.0, 26.0, 27.0, 30.0, 21.0, 15.0, 11.0, 9.0, 9.0, 10.0, 11.0, 14.0, 19.0, 28.0, 25.0, 14.0, 14.0, 13.0, 16.0, 22.0, 27.0, nan, nan, 20.0, 26.0, 26.0, 24.0, 21.0, 15.0, 13.0, 9.0, 9.0, 10.0, 11.0, 17.0, 14.0, 17.0, 20.0, 21.0, 14.0, 17.0, 23.0, 24.0, 20.0, 21.0, 23.0, 20.0, 16.0, 18.0, 24.0, 21.0, 17.0, 21.0, 17.0, 12.0, 9.0, 11.0, 12.0, 15.0, 16.0, 16.0, 14.0, 16.0, 20.0, 20.0, 16.0, nan, 25.0, nan, 21.0, 22.0, 22.0, 17.0, 25.0, 26.0, 22.0, nan, nan, nan, 8.0, 10.0, 11.0, 11.0, 11.0, 16.0, 17.0, 20.0, 23.0, 20.0, 25.0, 22.0, 18.0, 22.0, 17.0, 13.0, 15.0, 19.0, 16.0, 15.0, 9.0, 11.0, 8.0, 7.0, 7.0, 8.0, 9.0, 10.0, 10.0, 13.0, 12.0, 16.0, 17.0, 17.0, 20.0, 20.0, 16.0, 14.0, 14.0, 14.0, 20.0, 25.0, 23.0, 17.0, 8.0, 5.0, 6.0, 6.0, 5.0, 8.0, 10.0, 18.0, 24.0, 21.0, 30.0, 27.0, 21.0, 20.0, 29.0, 29.0, 28.0, 25.0, 28.0, 25.0, 22.0, 22.0, 26.0, 35.0, 28.0, 17.0, 10.0, 8.0, 7.0, 8.0, 8.0, 9.0, 14.0, 17.0, 32.0, 30.0, 14.0, 15.0, 17.0, 20.0, 20.0, 22.0, 25.0, 34.0, 22.0, 20.0, 24.0, 24.0, 17.0, 15.0, 18.0, 18.0, 14.0, 14.0, 17.0, 20.0, 22.0, 23.0, 18.0, 19.0, 15.0, 15.0, 14.0, 14.0, 13.0, 17.0, nan, nan, 15.0, 16.0, 20.0, 19.0, 21.0, 19.0, 18.0, 18.0, 18.0, 19.0, 22.0, nan, nan, nan, nan, nan, nan, nan, nan, nan, nan, nan, nan, nan, nan, nan, nan, nan, nan, 18.0, 20.0, 12.0, 9.0, 13.0, 21.0, 32.0, 26.0, 26.0, 27.0, 26.0, 23.0, 23.0, 18.0, 16.0, 15.0, 17.0, 16.0, 13.0, 13.0, 14.0, 14.0, 16.0, 24.0, 24.0, 23.0, 18.0, 20.0, 26.0, 19.0, nan, nan, nan, nan, nan, nan, nan, nan, nan, nan, nan, nan, nan, nan, nan, nan, nan, nan, nan, 16.0, 14.0, 16.0, 23.0, 22.0, 26.0, 34.0, 39.0, 43.0, 44.0, 42.0, 40.0, 34.0, 34.0, 22.0, 18.0, 16.0, 16.0, 17.0, 25.0, 22.0, 13.0, 12.0, 16.0, 13.0, 10.0, 11.0, 15.0, 17.0, 16.0, 21.0, 41.0, 37.0, 37.0, 34.0, 37.0, 48.0, 43.0, 42.0, 43.0, 38.0, 38.0, 36.0, 32.0, 35.0, 46.0, 33.0, 18.0, 14.0, 11.0, 11.0, 10.0, 12.0, 15.0, 19.0, 26.0, 21.0, 20.0, 17.0, 22.0, 27.0, 29.0, 22.0, 32.0, 32.0, 49.0, 44.0, 45.0, 44.0, 41.0, 36.0, 23.0, 15.0, 10.0, 10.0, 12.0, 11.0, 11.0, 13.0, 39.0, 59.0, 47.0, 46.0, 80.0, 87.0, 81.0, 65.0, 65.0, nan, nan, 42.0, 46.0, 40.0, 42.0, 30.0, 26.0, 24.0, 18.0, 14.0, 13.0, 16.0, 22.0, 26.0, 24.0, 22.0, 17.0, 15.0, 15.0, 20.0, 26.0, 26.0, 25.0, 26.0, 62.0, 58.0, 56.0, 51.0, 36.0, 21.0, 24.0, 18.0, 16.0, 15.0, 15.0, 15.0, 15.0, 19.0, 28.0, 28.0, nan, nan, nan, nan, nan, nan, nan, nan, nan, nan, nan, nan, 47.0, 37.0, 29.0, 19.0, 14.0, 11.0, 10.0, 10.0, 12.0, 12.0, 22.0, 26.0, 22.0, 18.0, 20.0, 21.0, 19.0, 20.0, 20.0, 17.0, 16.0, 22.0, 20.0, 26.0, 19.0, 25.0, 21.0, 18.0, 17.0, 12.0, 11.0, 14.0, 18.0, 23.0, 19.0, 22.0, nan, nan, nan, nan, nan, nan, nan, nan, nan, nan, nan, nan, 25.0, 21.0, 18.0, 16.0, 20.0, 20.0, 21.0, nan, 19.0, 21.0, 20.0, 17.0, 17.0, 18.0, nan, nan, nan, nan, nan, nan, nan, nan, nan, nan, nan, 21.0, 13.0, 13.0, 10.0, 11.0, 15.0, 15.0, 19.0, 29.0, 28.0, 25.0, 23.0, 16.0, 20.0, 16.0, 18.0, 16.0, 12.0, 10.0, 12.0, 12.0, 13.0, 17.0, 20.0, 18.0, 16.0, 14.0, 12.0, 12.0, 12.0, 12.0, 14.0, 15.0, 19.0, 21.0, 32.0, 17.0, 16.0, nan, 21.0, 16.0, 14.0, nan, nan, 17.0, 17.0, 24.0, 17.0, 17.0, nan, 15.0, 11.0, 10.0, 10.0, 13.0, 17.0, 16.0, 19.0, 22.0, 24.0, 24.0, 31.0, nan, 25.0, 35.0, 43.0, 40.0, 28.0, 21.0, 19.0, 20.0, 42.0, 52.0, 47.0, nan, 35.0, 36.0, 39.0, 33.0, 25.0, 27.0, 31.0, 28.0, 26.0, 25.0, 34.0, 29.0, 35.0, 54.0, 43.0, 44.0, 41.0, 21.0, 22.0, 44.0, 31.0, nan, 34.0, 28.0, 23.0, 14.0, 9.0, 9.0, 11.0, 16.0, 18.0, 19.0, 28.0, 24.0, 19.0, 28.0, 22.0, 51.0, 45.0, 44.0, 30.0, 38.0, 34.0, 29.0, 29.0, 27.0, 20.0, 19.0, 13.0, 14.0, 13.0, 11.0, 12.0, 15.0, 17.0, 14.0, 14.0, 17.0, 23.0, 21.0, 16.0, 15.0, 14.0, 13.0, 15.0, 17.0, 27.0, 20.0, 27.0, 26.0, 27.0, 26.0, 13.0, 12.0, 12.0, 17.0, 21.0, 22.0, 26.0, 30.0, 27.0, 30.0, 39.0, 37.0, 37.0, 38.0, 38.0, 28.0, 27.0, 28.0, 27.0, 31.0, 21.0, 15.0, 15.0, 14.0, 11.0, 10.0, 11.0, 11.0, 11.0, 16.0, 28.0, 38.0, nan, 35.0, 39.0, 28.0, 24.0, 22.0, 23.0, 29.0, 27.0, 27.0, 27.0, 23.0, 20.0, 22.0, 22.0, 23.0, 19.0, nan, 16.0, 16.0, nan, 20.0, 27.0, 41.0, 44.0, 39.0, 52.0, 35.0, 31.0, 32.0, 36.0, nan, nan, 42.0, 32.0, 38.0, 31.0, 34.0, 28.0, 19.0, 17.0, 15.0, 15.0, 18.0, 13.0, 14.0, 15.0, 11.0, 16.0, 20.0, 26.0, 27.0, 26.0, 24.0, 18.0, 35.0, 23.0, 34.0, 36.0, 38.0, 29.0, 35.0, 30.0, 21.0, 16.0, 15.0, nan, 13.0, 14.0, 15.0, 19.0, 29.0, nan, 15.0], [1.2000000476837158, 1.100000023841858, 1.399999976158142, 1.399999976158142, 1.2999999523162842, 1.2000000476837158, 0.0, 1.100000023841858, 1.0, 1.0, 1.0, 1.0, 1.0, 1.0, 1.0, 1.0, 1.0, 1.0, 1.0, 1.0, 1.0, 1.100000023841858, 1.100000023841858, 1.2000000476837158, 1.2000000476837158, 1.100000023841858, 1.100000023841858, 1.0, 1.0, 1.0, 0.8999999761581421, 0.8999999761581421, 1.0, 1.0, 1.0, 1.0, 0.8999999761581421, 1.0, 1.100000023841858, 1.0, 1.0, nan, nan, nan, nan, nan, nan, nan, nan, nan, nan, nan, nan, nan, nan, nan, nan, nan, nan, nan, nan, nan, nan, nan, nan, nan, nan, nan, 1.0, 1.0, 1.100000023841858, 1.2999999523162842, 1.399999976158142, 1.2999999523162842, 1.2999999523162842, 1.2999999523162842, 1.2999999523162842, 1.2000000476837158, 1.2000000476837158, 1.2000000476837158, 1.2000000476837158, 1.2000000476837158, 1.2000000476837158, 1.2000000476837158, 1.2000000476837158, 1.2000000476837158, 1.2999999523162842, 1.2999999523162842, 1.2999999523162842, 1.2999999523162842, 1.2000000476837158, 1.2000000476837158, 1.2999999523162842, 1.2000000476837158, 1.2000000476837158, 1.2000000476837158, 1.5, 1.600000023841858, 1.600000023841858, 1.7000000476837158, 1.7000000476837158, 1.600000023841858, 0.0, 1.2999999523162842, 1.2999999523162842, 1.399999976158142, 1.2999999523162842, 1.2999999523162842, 1.5, 1.600000023841858, 1.7000000476837158, 1.7999999523162842, 1.7000000476837158, 1.600000023841858, 1.399999976158142, 1.399999976158142, nan, 1.2999999523162842, 1.399999976158142, 1.5, 1.899999976158142, 2.0999999046325684, 2.0, 1.7000000476837158, 1.600000023841858, 1.5, 1.2999999523162842, 1.2999999523162842, 1.2999999523162842, 1.2999999523162842, 1.2999999523162842, 1.2999999523162842, 1.2999999523162842, nan, 1.5, 1.399999976158142, 1.399999976158142, 1.399999976158142, 1.399999976158142, 1.399999976158142, 1.399999976158142, 1.399999976158142, 1.399999976158142, 1.399999976158142, 1.399999976158142, 1.399999976158142, 1.399999976158142, 1.2999999523162842, 1.2999999523162842, 1.2999999523162842, 0.0, 1.2000000476837158, 1.2000000476837158, 1.2999999523162842, 1.2000000476837158, 1.2999999523162842, 1.2999999523162842, 1.2999999523162842, 1.2999999523162842, 1.100000023841858, 0.8999999761581421, 0.8999999761581421, 0.8999999761581421, 0.8999999761581421, 0.800000011920929, 0.8999999761581421, 0.8999999761581421, 0.8999999761581421, 0.8999999761581421, 0.8999999761581421, 0.8999999761581421, 0.8999999761581421, 1.0, 1.0, 1.0, 1.0, 1.0, 1.0, 0.8999999761581421, 0.8999999761581421, 1.0, 1.100000023841858, 1.2000000476837158, nan, 1.0, 1.0, 1.0, 0.8999999761581421, 0.8999999761581421, 0.8999999761581421, 1.0, 0.8999999761581421, 1.0, 1.100000023841858, 1.100000023841858, 1.2999999523162842, 1.100000023841858, 1.100000023841858, 0.0, 1.0, 1.2000000476837158, 1.0, 1.0, 1.100000023841858, 1.0, 1.2999999523162842, 1.2999999523162842, 1.2999999523162842, 1.5, 1.2999999523162842, 1.2999999523162842, 1.2999999523162842, 1.2000000476837158, 1.2000000476837158, 1.2999999523162842, 1.399999976158142, 1.2999999523162842, 1.2999999523162842, 1.2999999523162842, 1.2999999523162842, 1.2999999523162842, 1.100000023841858, 1.0, 0.8999999761581421, 0.8999999761581421, 0.8999999761581421, 0.800000011920929, 0.800000011920929, 0.800000011920929, 0.8999999761581421, 1.0, 0.8999999761581421, 0.8999999761581421, 0.8999999761581421, 0.800000011920929, 0.800000011920929, nan, nan, nan, nan, nan, nan, 1.7999999523162842, 1.600000023841858, 1.600000023841858, 1.5, 0.0, nan, nan, 1.0, 1.100000023841858, 1.0, 1.100000023841858, 1.5, 1.7000000476837158, 1.2999999523162842, 1.2000000476837158, 1.100000023841858, 1.100000023841858, 1.100000023841858, 1.0, nan, 1.0, 1.2999999523162842, 2.0, 2.0, 2.0999999046325684, 1.7000000476837158, 1.7000000476837158, 1.2999999523162842, 1.2000000476837158, 1.2000000476837158, 1.2000000476837158, 1.2000000476837158, 1.100000023841858, 1.100000023841858, 1.2000000476837158, 1.399999976158142, nan, 1.5, 1.399999976158142, 1.2000000476837158, 1.100000023841858, 1.0, 1.100000023841858, 1.100000023841858, 1.100000023841858, nan, 1.5, nan, 1.2999999523162842, 1.2000000476837158, 1.2000000476837158, 1.2999999523162842, 0.0, 1.2000000476837158, 1.2000000476837158, 1.100000023841858, 1.100000023841858, 1.100000023841858, 1.2000000476837158, 1.2999999523162842, 1.5, nan, 2.0, 1.7999999523162842, 1.600000023841858, 1.600000023841858, 1.7000000476837158, 1.899999976158142, 1.7999999523162842, 1.899999976158142, 2.0999999046325684, 2.299999952316284, 2.4000000953674316, 2.5999999046325684, 2.5999999046325684, 2.0, 1.7999999523162842, 1.5, 1.399999976158142, 1.399999976158142, 1.399999976158142, 1.399999976158142, 1.5, 1.600000023841858, 1.7000000476837158, 1.899999976158142, 1.7000000476837158, 1.600000023841858, 1.2999999523162842, 1.100000023841858, 1.0, 1.100000023841858, 1.2000000476837158, 1.2999999523162842, 1.5, 1.2999999523162842, 1.2999999523162842, 1.5, 1.399999976158142, 1.2999999523162842, 1.2999999523162842, 1.2000000476837158, 1.2000000476837158, 1.2000000476837158, 1.2000000476837158, 1.2000000476837158, 1.2000000476837158, 1.2999999523162842, nan, nan, nan, nan, nan, nan, nan, nan, 0.0, 1.7999999523162842, 3.200000047683716, 2.0999999046325684, 1.7999999523162842, 1.5, 1.7999999523162842, 1.600000023841858, 1.399999976158142, 1.399999976158142, 1.399999976158142, 1.2999999523162842, 1.2999999523162842, 1.2999999523162842, 1.2999999523162842, 1.5, 1.600000023841858, 1.899999976158142, 1.899999976158142, 1.7000000476837158, 1.2999999523162842, 1.2999999523162842, 1.2000000476837158, 1.2000000476837158, 1.100000023841858, 1.2000000476837158, 1.2000000476837158, 1.399999976158142, 1.7000000476837158, 1.2000000476837158, 1.2999999523162842, 1.2000000476837158, 0.0, 1.100000023841858, 1.2000000476837158, 1.2999999523162842, 1.2000000476837158, 1.399999976158142, 1.399999976158142, 1.399999976158142, 1.600000023841858, 1.7999999523162842, 1.899999976158142, 1.600000023841858, 1.399999976158142, 1.399999976158142, nan, nan, nan, 2.0999999046325684, nan, 2.0999999046325684, nan, 2.200000047683716, 1.899999976158142, 2.0, 0.0, nan, nan, 1.2999999523162842, 1.2999999523162842, 1.2999999523162842, 1.399999976158142, 1.2999999523162842, 1.600000023841858, 1.7000000476837158, 1.5, 1.2999999523162842, 1.2999999523162842, 1.399999976158142, 0.0, 0.800000011920929, 0.699999988079071, 0.800000011920929, 0.800000011920929, 0.800000011920929, 1.0, 1.399999976158142, 2.0999999046325684, 1.899999976158142, 0.0, 0.8999999761581421, 0.8999999761581421, 0.699999988079071, 0.699999988079071, 0.699999988079071, 0.699999988079071, 0.699999988079071, 0.8999999761581421, 1.100000023841858, 1.2000000476837158, 1.5, 1.0, 0.800000011920929, 0.699999988079071, 0.699999988079071, 0.699999988079071, 0.800000011920929, 0.8999999761581421, 1.0, 0.8999999761581421, 1.0, 0.800000011920929, 0.8999999761581421, 0.0, 0.699999988079071, 0.800000011920929, 0.800000011920929, 0.800000011920929, 0.800000011920929, 0.800000011920929, 0.8999999761581421, 0.8999999761581421, 0.8999999761581421, 0.8999999761581421, 0.800000011920929, 0.800000011920929, 0.699999988079071, 0.699999988079071, 0.800000011920929, 0.800000011920929, 0.800000011920929, 0.8999999761581421, 1.0, 1.0, 1.0, 1.0, 1.0, 0.0, nan, nan, 0.8999999761581421, 0.8999999761581421, 0.8999999761581421, 0.8999999761581421, 0.8999999761581421, 0.8999999761581421, 0.8999999761581421, 0.8999999761581421, 0.8999999761581421, 0.800000011920929, 0.800000011920929, 0.800000011920929, 0.800000011920929, 0.800000011920929, 0.8999999761581421, 0.8999999761581421, 0.8999999761581421, 0.800000011920929, 0.800000011920929, 0.800000011920929, 0.800000011920929, 0.0, 0.800000011920929, 0.800000011920929, 0.800000011920929, 0.800000011920929, 0.800000011920929, 0.699999988079071, 0.800000011920929, 0.800000011920929, 0.800000011920929, 0.699999988079071, 0.699999988079071, 0.699999988079071, 0.699999988079071, 0.699999988079071, 0.699999988079071, 0.6000000238418579, 0.6000000238418579, 0.6000000238418579, 0.699999988079071, 0.6000000238418579, 0.6000000238418579, 0.699999988079071, 0.699999988079071, 0.0, 0.6000000238418579, 0.6000000238418579, 0.6000000238418579, 0.6000000238418579, 0.699999988079071, 0.699999988079071, 0.699999988079071, 0.699999988079071, 0.800000011920929, 0.699999988079071, 0.699999988079071, 0.699999988079071, 0.6000000238418579, 0.699999988079071, 0.699999988079071, 0.699999988079071, 0.800000011920929, 0.800000011920929, 0.800000011920929, 0.800000011920929, 1.100000023841858, 0.8999999761581421, 0.800000011920929, 0.0, 0.699999988079071, 0.699999988079071, 0.699999988079071, 0.699999988079071, 0.699999988079071, 0.699999988079071, 0.699999988079071, 0.800000011920929, 0.800000011920929, 0.699999988079071, 0.699999988079071, 0.699999988079071, 0.699999988079071, 0.699999988079071, 0.699999988079071, 0.699999988079071, 0.800000011920929, 0.800000011920929, nan, nan, 0.6000000238418579, nan, 0.699999988079071, 0.0, 0.699999988079071, 0.699999988079071, 0.699999988079071, 0.699999988079071, 0.699999988079071, 0.699999988079071, 0.699999988079071, 0.699999988079071, 0.699999988079071, 0.699999988079071, 0.699999988079071, 0.699999988079071, 0.699999988079071, 0.699999988079071, 0.699999988079071, 0.800000011920929, 0.8999999761581421, 0.8999999761581421, 0.8999999761581421, 0.800000011920929, 0.800000011920929, 0.800000011920929, 0.800000011920929, 0.0, 0.800000011920929, 0.800000011920929, 0.800000011920929, 0.800000011920929, 0.8999999761581421, 0.8999999761581421, 0.8999999761581421, 1.0, 0.8999999761581421, 1.0, 1.0, 0.8999999761581421, 0.8999999761581421, 0.800000011920929, 0.800000011920929, 0.800000011920929, 0.800000011920929, 0.8999999761581421, 0.8999999761581421, 0.8999999761581421, 0.800000011920929, 0.8999999761581421, 0.8999999761581421, 0.0, 0.800000011920929, 0.800000011920929, 0.800000011920929, 0.800000011920929, 0.800000011920929, 0.8999999761581421, 1.100000023841858, 1.0, 0.8999999761581421, 0.800000011920929, 0.800000011920929, 0.699999988079071, 0.699999988079071, 0.699999988079071, 0.699999988079071, 0.699999988079071, 0.699999988079071, 0.699999988079071, 0.699999988079071, 0.800000011920929, 0.800000011920929, 0.800000011920929, 0.800000011920929, 0.0, 0.699999988079071, 0.699999988079071, 0.699999988079071, 0.699999988079071, 0.800000011920929, 0.800000011920929, 0.8999999761581421, 0.8999999761581421, 0.699999988079071, 0.699999988079071, 0.699999988079071, 0.699999988079071, 0.6000000238418579, 0.6000000238418579, 0.6000000238418579, 0.6000000238418579, 0.699999988079071, 0.800000011920929, 0.8999999761581421, 0.699999988079071, 0.6000000238418579, 0.6000000238418579, 0.6000000238418579, nan, nan, nan, nan, nan, nan, nan, nan, 0.699999988079071, 0.699999988079071, 0.6000000238418579, 0.6000000238418579, 0.6000000238418579, 0.6000000238418579, 0.6000000238418579, 0.699999988079071, 0.800000011920929, 0.699999988079071, 0.699999988079071, 0.699999988079071, 0.699999988079071, 0.699999988079071, 0.699999988079071, 0.699999988079071, 0.0, 0.6000000238418579, 0.6000000238418579, 0.699999988079071, 0.699999988079071, 0.699999988079071, 0.699999988079071, 0.8999999761581421, 0.800000011920929, 0.699999988079071, 0.699999988079071, 0.699999988079071, 0.699999988079071, 0.699999988079071, 0.699999988079071, 0.699999988079071, 0.699999988079071, 0.699999988079071, 0.699999988079071, 0.800000011920929, 0.8999999761581421, 0.8999999761581421, 0.8999999761581421, 0.800000011920929, 0.0, 0.699999988079071, 0.699999988079071, 0.699999988079071, 0.699999988079071, 0.699999988079071, 0.699999988079071, 0.800000011920929, 0.800000011920929, 0.800000011920929, 0.800000011920929, 0.800000011920929, 0.800000011920929, 0.800000011920929, 0.800000011920929, 0.800000011920929, 0.8999999761581421, 0.8999999761581421, 1.0, 0.8999999761581421, 0.8999999761581421, 0.8999999761581421, 0.800000011920929, 0.800000011920929, 0.0, 0.699999988079071, 0.699999988079071, 0.800000011920929, 0.800000011920929, 0.800000011920929, 0.800000011920929, 0.8999999761581421, 0.8999999761581421, 0.8999999761581421, 0.8999999761581421, 0.8999999761581421, 1.0, 0.8999999761581421, 0.8999999761581421, 0.8999999761581421, 0.8999999761581421, 0.8999999761581421, 0.8999999761581421, 1.0, 1.2000000476837158, 1.2000000476837158, 1.100000023841858, 0.8999999761581421, 0.0, 0.800000011920929, 0.8999999761581421, 0.8999999761581421, 1.0, 1.0, 1.0, 1.2000000476837158, 1.100000023841858, 1.2000000476837158, 1.399999976158142, 1.2000000476837158, 1.100000023841858, 1.0, 1.0, 1.399999976158142, 1.2000000476837158, 1.100000023841858, 1.0, 1.0, 1.0, 1.0, 0.8999999761581421, 0.8999999761581421, 0.0, 0.800000011920929, 0.8999999761581421, 0.8999999761581421, 0.8999999761581421, 0.8999999761581421, 0.800000011920929, 1.0, 1.100000023841858, 1.100000023841858, 1.0, 1.100000023841858, 0.8999999761581421, 0.8999999761581421, 1.0, 1.0, 1.100000023841858, 1.100000023841858, 1.2000000476837158, 1.100000023841858, 1.100000023841858, 1.0, 1.0, 1.0, 0.0, 0.8999999761581421, 0.8999999761581421, 0.8999999761581421, 0.8999999761581421, 0.8999999761581421, 0.8999999761581421, 1.0, 1.2000000476837158, 1.100000023841858, 1.2000000476837158, 1.2000000476837158, 1.2000000476837158, 1.100000023841858, 1.2000000476837158, 1.2000000476837158, 1.2000000476837158, 1.399999976158142, 1.2000000476837158, 1.100000023841858, 1.2000000476837158, 1.100000023841858, 1.100000023841858, 1.100000023841858, 0.0, 1.0, 0.8999999761581421, 0.8999999761581421, 0.8999999761581421, 0.8999999761581421, 1.0, nan, 1.100000023841858, 1.0, 1.0, 1.0, 1.0, 1.0, 1.0, 1.0, 1.100000023841858, 1.100000023841858, 1.2000000476837158, 1.100000023841858, 1.100000023841858, 1.0, 1.0, 1.0, 0.0, 0.8999999761581421, 0.8999999761581421, 0.8999999761581421, 0.8999999761581421, 0.8999999761581421, 0.8999999761581421, 1.0, 1.0, 1.100000023841858, 1.100000023841858, 1.100000023841858, 1.0, 1.100000023841858, 1.2000000476837158, 1.100000023841858, 1.2000000476837158, 1.100000023841858, 1.2000000476837158, 1.2000000476837158, 1.2000000476837158, 1.7000000476837158, 1.7000000476837158, 1.899999976158142, 0.0, 1.399999976158142, 1.2999999523162842, 1.2000000476837158, 1.2999999523162842, 1.399999976158142, 1.2000000476837158, 1.5, 1.7000000476837158, 1.7999999523162842, 1.5, 1.0, 1.0, 1.100000023841858, 1.100000023841858, 0.8999999761581421, 0.8999999761581421, 1.2000000476837158, 2.200000047683716, 1.0, 1.5, 2.200000047683716, 1.5, 3.0, 0.0, 2.0, 2.5999999046325684, 1.899999976158142, 1.7000000476837158, 1.7999999523162842, 1.5, 1.899999976158142, 1.7999999523162842, 1.399999976158142, 1.100000023841858, nan, 0.8999999761581421, 0.8999999761581421, 0.8999999761581421, 0.8999999761581421, 0.8999999761581421, 1.100000023841858, 1.2000000476837158, 1.0, 1.100000023841858, 1.2000000476837158, 1.100000023841858, 1.0, 0.0, 0.8999999761581421, 0.8999999761581421, 0.8999999761581421, 0.8999999761581421, 0.8999999761581421, 1.0, 1.100000023841858, 1.100000023841858, 1.0, 1.0, 1.0, 1.0, 1.0, 1.0, 1.0, 1.100000023841858, 1.100000023841858, 1.2000000476837158, 1.100000023841858, 1.100000023841858, 1.100000023841858, 1.0, 1.0, 0.0, 0.8999999761581421, 0.8999999761581421, 0.8999999761581421, 0.8999999761581421, 0.8999999761581421, 1.0, 1.0, 1.2000000476837158, 1.100000023841858, 1.100000023841858, 1.0, 1.100000023841858, 1.0, 1.100000023841858, 1.100000023841858, 1.100000023841858, 1.100000023841858, 1.2000000476837158, 1.100000023841858, 1.0, 0.8999999761581421, 0.8999999761581421, 0.8999999761581421, 0.0, 0.8999999761581421, 0.8999999761581421, 0.8999999761581421, 0.8999999761581421, 0.8999999761581421, 0.8999999761581421, 1.0, 1.2000000476837158, 1.0, 1.0, 1.100000023841858, 1.0, 1.0, 1.0, 1.0, 1.0, 1.100000023841858, 1.2999999523162842, 1.399999976158142, 1.2000000476837158, 1.100000023841858, 1.2000000476837158, 1.2999999523162842, 0.0, 1.100000023841858, 1.100000023841858, 1.0, 1.0, 1.0, 1.2000000476837158, 1.399999976158142, 1.2999999523162842, 1.5, 1.399999976158142, 1.399999976158142, 1.399999976158142, 1.100000023841858, 1.0, 0.8999999761581421, 1.0, 1.0, 1.100000023841858, 1.2999999523162842, 1.399999976158142, 1.2999999523162842, 1.5, 2.0, 1.899999976158142, 1.7999999523162842, 1.2999999523162842, 1.399999976158142, 1.5, 1.2999999523162842, 1.600000023841858, 1.7999999523162842, 1.5, 1.5, 1.600000023841858, 1.7000000476837158, 1.399999976158142, 1.0, 1.0, 1.0, 1.0, 1.2000000476837158, 1.2999999523162842, 1.2000000476837158, 1.2000000476837158, 1.2999999523162842, 1.2999999523162842, 2.0999999046325684, 3.799999952316284, 2.200000047683716, 2.4000000953674316, 2.299999952316284, 2.4000000953674316, 1.600000023841858, 1.7000000476837158, 1.899999976158142, 1.7000000476837158, 1.7999999523162842, 1.100000023841858, 1.0, 0.8999999761581421, 0.8999999761581421, 0.8999999761581421, 0.8999999761581421, 1.0, 1.2000000476837158, 1.399999976158142, 1.399999976158142, 1.100000023841858, 1.100000023841858, 1.5, 1.2000000476837158, 0.8999999761581421, 0.8999999761581421, 0.8999999761581421, 0.8999999761581421, 0.8999999761581421, 0.800000011920929, 0.8999999761581421, 1.100000023841858, 1.2999999523162842, 1.100000023841858, 1.0, 1.0, 0.8999999761581421, 0.8999999761581421, 1.0, 0.8999999761581421, 1.2000000476837158, 2.0, 1.5, 2.799999952316284, 2.0, 1.600000023841858, 1.399999976158142, 1.2999999523162842, 1.100000023841858, 1.0, 0.8999999761581421, 0.8999999761581421, 0.8999999761581421, 1.0, 1.100000023841858, 1.600000023841858, 1.100000023841858, 0.8999999761581421, 0.8999999761581421, 0.8999999761581421, 0.800000011920929, 0.800000011920929, 0.800000011920929, 0.699999988079071, 0.699999988079071, 0.800000011920929, 0.8999999761581421, 0.800000011920929, 0.8999999761581421, 0.8999999761581421, 0.8999999761581421, 0.800000011920929, 0.800000011920929, 0.8999999761581421, 0.8999999761581421, 0.800000011920929, 0.800000011920929, 0.800000011920929, 0.8999999761581421, 1.100000023841858, 1.100000023841858, 1.0, 1.100000023841858, 1.0, 1.0, 0.8999999761581421, 1.2999999523162842, 1.2000000476837158, 1.0, 1.0, 1.100000023841858, 0.8999999761581421, 1.0, 1.2000000476837158, 1.100000023841858, 1.0, 0.8999999761581421, 0.8999999761581421, 0.8999999761581421, 1.0, 1.0, 1.0, 1.2999999523162842, 1.5, 1.899999976158142, 2.0999999046325684, 1.2999999523162842, 0.8999999761581421, 0.800000011920929, 0.800000011920929, 0.800000011920929, 0.8999999761581421, 1.100000023841858, 0.699999988079071, 0.8999999761581421, 0.699999988079071, 0.6000000238418579, 0.6000000238418579, 0.5, 0.5, 0.5, 0.5, 0.5, 0.6000000238418579, 0.6000000238418579, 0.6000000238418579, 0.699999988079071, 1.2000000476837158, 0.699999988079071, 0.6000000238418579, 0.6000000238418579, 0.6000000238418579, 0.5, 0.5, 0.5, 0.5, 0.6000000238418579, 0.699999988079071, 0.699999988079071, 0.699999988079071, 0.6000000238418579, 0.6000000238418579, 0.6000000238418579, 0.6000000238418579, 0.6000000238418579, 0.6000000238418579, 0.699999988079071, 0.6000000238418579, 0.6000000238418579, 0.800000011920929, 0.800000011920929, 1.100000023841858, 1.100000023841858, 1.100000023841858, 1.100000023841858, 1.100000023841858, 1.100000023841858, 1.100000023841858, 1.0, 1.0, 1.0, 1.100000023841858, 1.2000000476837158, 1.399999976158142, 1.399999976158142, 1.399999976158142, 1.2999999523162842, 1.2999999523162842, 1.2000000476837158, 1.2000000476837158, 1.2000000476837158, 1.2000000476837158, 1.2000000476837158, 1.2000000476837158, 1.2000000476837158, 1.399999976158142, 1.2999999523162842, 1.2000000476837158, 1.2000000476837158, 1.0, 1.0, 1.0, 0.8999999761581421, 1.0, 1.0, 1.100000023841858, 1.100000023841858, 1.100000023841858, 1.0, 1.0, 1.0, 1.0, 0.8999999761581421, 0.800000011920929, 0.800000011920929, 0.699999988079071, 0.699999988079071, 0.699999988079071, 0.800000011920929, 0.8999999761581421, 0.8999999761581421, 0.800000011920929, 0.800000011920929, 0.800000011920929, 0.8999999761581421, 1.0, 1.0, 1.0, 1.0, 1.0, 1.100000023841858, 1.0, 1.100000023841858, 1.100000023841858, 1.100000023841858, 1.0, 0.8999999761581421, 1.0, 1.0, 0.8999999761581421, 0.8999999761581421, 0.8999999761581421, 1.0, 1.100000023841858, 1.0, 1.0, 1.0, 0.8999999761581421, 0.8999999761581421, 0.800000011920929, 0.800000011920929, 0.800000011920929, 0.800000011920929, 1.0, 1.0, 0.8999999761581421, 0.800000011920929, 0.800000011920929, 0.699999988079071, 0.699999988079071, 0.699999988079071, 0.699999988079071, 0.6000000238418579, 0.699999988079071, 0.6000000238418579, 0.6000000238418579, 0.800000011920929, 0.800000011920929, 0.800000011920929, 0.800000011920929, 0.699999988079071, 0.699999988079071, 0.699999988079071, 0.699999988079071, 0.699999988079071, 0.6000000238418579, 0.699999988079071, 0.699999988079071, 0.8999999761581421, 0.800000011920929, 0.699999988079071, 0.699999988079071, 0.6000000238418579, 0.5, 0.5, 0.5, 0.5, 0.5, 0.5, 0.5, 0.6000000238418579, 0.699999988079071, 0.800000011920929, 0.699999988079071, 0.699999988079071, 0.800000011920929, 0.699999988079071, 0.699999988079071, 0.699999988079071, 0.800000011920929, 0.699999988079071, 0.800000011920929, 1.0, 0.8999999761581421, 0.8999999761581421, 0.800000011920929, 0.800000011920929, 0.699999988079071, 0.699999988079071, 0.6000000238418579, 0.6000000238418579, 0.699999988079071, 0.699999988079071, 0.6000000238418579, 0.699999988079071, 0.800000011920929, 0.8999999761581421, 0.800000011920929, 0.800000011920929, 0.800000011920929, 0.800000011920929, 0.699999988079071, 0.800000011920929, 0.699999988079071, 0.800000011920929, 1.0, 1.2000000476837158, 1.100000023841858, 1.0, 1.0, 1.100000023841858, 1.100000023841858, 0.800000011920929, 0.800000011920929, 0.8999999761581421, 0.800000011920929, 0.800000011920929, 0.800000011920929, 0.800000011920929, 0.8999999761581421, 0.8999999761581421, 0.800000011920929, 0.800000011920929, 0.800000011920929, 0.699999988079071, 0.699999988079071, 0.699999988079071, 0.699999988079071, 0.699999988079071, 0.800000011920929, 1.0, 0.8999999761581421, 0.8999999761581421, 1.100000023841858, 0.8999999761581421, 0.800000011920929, 0.800000011920929, 0.800000011920929, 0.800000011920929, 0.800000011920929, 0.800000011920929, 0.800000011920929, 0.8999999761581421, 0.8999999761581421, 0.800000011920929, 0.8999999761581421, 0.800000011920929, 0.800000011920929, 0.800000011920929, 0.800000011920929, 0.699999988079071, 0.699999988079071, 0.699999988079071, 0.699999988079071, 0.800000011920929, 0.8999999761581421, 1.0, 1.0, 0.800000011920929, 0.699999988079071, 0.6000000238418579, 0.6000000238418579, 0.699999988079071, 0.6000000238418579, 0.699999988079071, 0.699999988079071, 0.800000011920929, 1.100000023841858, 0.8999999761581421, 0.8999999761581421, 0.800000011920929, 0.699999988079071, 0.699999988079071, 0.6000000238418579, 0.6000000238418579, 0.6000000238418579, 0.6000000238418579, 0.6000000238418579, 0.699999988079071, 0.699999988079071, 0.699999988079071, 0.699999988079071, 0.6000000238418579, 0.699999988079071, 0.699999988079071, 0.6000000238418579, 0.6000000238418579, 0.6000000238418579, 0.6000000238418579, 0.6000000238418579, 0.800000011920929, 0.8999999761581421, 0.8999999761581421, 0.699999988079071, 0.699999988079071, 0.6000000238418579, 0.6000000238418579, 0.5, 0.5, 0.6000000238418579, 0.6000000238418579, 0.6000000238418579, 0.699999988079071, 0.699999988079071, 0.6000000238418579, 0.6000000238418579, 0.5, 0.5, 0.5, 0.6000000238418579, 0.6000000238418579, 0.6000000238418579, 0.6000000238418579, 0.699999988079071, 0.8999999761581421, 1.0, 0.800000011920929, 0.699999988079071, 0.699999988079071, 0.6000000238418579, 0.5, 0.5, 0.5, 0.6000000238418579, 0.6000000238418579, 0.6000000238418579, 0.6000000238418579, 0.6000000238418579, 0.6000000238418579, 0.6000000238418579, 0.6000000238418579, 0.6000000238418579, 0.6000000238418579, 0.6000000238418579, 0.6000000238418579, 0.6000000238418579, 0.6000000238418579, 0.6000000238418579, 0.699999988079071, 0.8999999761581421, 0.800000011920929, 0.699999988079071, 0.699999988079071, 0.699999988079071, 0.6000000238418579, 0.5, 0.5, 0.6000000238418579, 0.6000000238418579, 0.6000000238418579, 0.6000000238418579, 0.6000000238418579, 0.6000000238418579, 0.6000000238418579, 0.6000000238418579, 0.6000000238418579, nan, 0.5, nan, 0.6000000238418579, 0.6000000238418579, 0.6000000238418579, 0.699999988079071, 0.8999999761581421, 0.800000011920929, 0.699999988079071, nan, nan, nan, 0.6000000238418579, 0.6000000238418579, 0.6000000238418579, 0.6000000238418579, 0.6000000238418579, 0.699999988079071, 0.699999988079071, 0.699999988079071, 0.699999988079071, 0.6000000238418579, 0.699999988079071, 0.6000000238418579, 0.6000000238418579, 0.6000000238418579, 0.6000000238418579, 0.5, 0.6000000238418579, 0.6000000238418579, 0.6000000238418579, 0.699999988079071, 0.6000000238418579, 0.5, 0.5, 0.5, 0.5, 0.5, 0.5, 0.5, 0.6000000238418579, 0.6000000238418579, 0.6000000238418579, 0.6000000238418579, 0.6000000238418579, 0.6000000238418579, 0.6000000238418579, 0.6000000238418579, 0.6000000238418579, 0.6000000238418579, 0.6000000238418579, 0.6000000238418579, 0.6000000238418579, 0.699999988079071, 0.800000011920929, 0.699999988079071, 0.6000000238418579, 0.5, 0.5, 0.5, 0.5, 0.6000000238418579, 0.699999988079071, 1.0, 1.2000000476837158, 1.100000023841858, 1.2999999523162842, 1.2000000476837158, 1.0, 0.8999999761581421, 1.100000023841858, 1.0, 1.0, 1.0, 1.0, 0.8999999761581421, 0.800000011920929, 0.8999999761581421, 1.100000023841858, 1.100000023841858, 1.0, 0.800000011920929, 0.699999988079071, 0.6000000238418579, 0.6000000238418579, 0.5, 0.6000000238418579, 0.6000000238418579, 0.699999988079071, 0.800000011920929, 1.0, 0.800000011920929, 0.6000000238418579, 0.6000000238418579, 0.699999988079071, 0.6000000238418579, 0.6000000238418579, 0.699999988079071, 0.699999988079071, 0.699999988079071, 0.8999999761581421, 1.2999999523162842, 1.399999976158142, 1.399999976158142, 1.2999999523162842, 1.2999999523162842, 1.2999999523162842, 1.2999999523162842, 1.2000000476837158, 1.2000000476837158, 1.2999999523162842, 1.2999999523162842, 1.2000000476837158, 1.2000000476837158, 1.100000023841858, 1.100000023841858, 1.0, 1.0, 0.8999999761581421, 0.8999999761581421, 0.8999999761581421, 0.8999999761581421, 0.0, 0.800000011920929, 0.699999988079071, 0.800000011920929, 0.800000011920929, 0.800000011920929, 0.800000011920929, 0.800000011920929, 0.800000011920929, 0.800000011920929, 0.800000011920929, 0.800000011920929, 0.800000011920929, nan, nan, nan, nan, nan, nan, nan, nan, nan, nan, nan, nan, nan, nan, nan, nan, nan, nan, 0.800000011920929, 0.8999999761581421, 0.800000011920929, 0.800000011920929, 0.800000011920929, 0.8999999761581421, 1.0, 1.0, 1.0, 0.8999999761581421, 0.8999999761581421, 0.800000011920929, 0.800000011920929, 0.800000011920929, 0.699999988079071, 0.699999988079071, 0.699999988079071, 0.699999988079071, 0.699999988079071, 0.699999988079071, 0.699999988079071, 0.800000011920929, 0.800000011920929, 0.8999999761581421, 0.8999999761581421, 0.8999999761581421, 0.800000011920929, 0.800000011920929, 0.8999999761581421, 0.800000011920929, nan, nan, nan, nan, nan, nan, nan, nan, nan, nan, nan, nan, nan, nan, nan, nan, nan, nan, nan, 0.8999999761581421, 0.8999999761581421, 0.8999999761581421, 1.0, 1.0, 1.0, 1.2000000476837158, 1.2999999523162842, 1.5, 1.399999976158142, 1.2999999523162842, 1.2999999523162842, 1.2000000476837158, 1.2999999523162842, 0.8999999761581421, 0.8999999761581421, 0.800000011920929, 0.800000011920929, 0.800000011920929, 1.100000023841858, 1.100000023841858, 0.8999999761581421, 0.8999999761581421, 0.8999999761581421, 0.8999999761581421, 0.800000011920929, 0.800000011920929, 0.8999999761581421, 0.8999999761581421, 0.8999999761581421, 1.0, 1.600000023841858, 1.2000000476837158, 1.0, 1.0, 1.100000023841858, 1.2000000476837158, 1.0, 0.800000011920929, 0.8999999761581421, 0.8999999761581421, 0.8999999761581421, 0.800000011920929, 1.100000023841858, 1.5, 1.7000000476837158, 1.0, 0.800000011920929, 0.699999988079071, 0.699999988079071, 0.6000000238418579, 0.6000000238418579, 0.6000000238418579, 0.699999988079071, 0.699999988079071, 0.8999999761581421, 0.800000011920929, 0.6000000238418579, 0.6000000238418579, 0.6000000238418579, 0.5, 0.5, 0.5, 0.6000000238418579, 0.5, 0.6000000238418579, 0.6000000238418579, 0.699999988079071, 1.0, 0.8999999761581421, 0.800000011920929, 0.6000000238418579, 0.5, 0.5, 0.5, 0.5, 0.5, 0.5, 0.5, 0.699999988079071, 0.800000011920929, 0.699999988079071, 0.699999988079071, 0.800000011920929, 0.8999999761581421, 0.800000011920929, 0.800000011920929, 0.800000011920929, 0.699999988079071, 0.699999988079071, 0.6000000238418579, 0.699999988079071, 0.8999999761581421, 1.0, 0.699999988079071, 0.6000000238418579, 0.699999988079071, 0.6000000238418579, 0.6000000238418579, 0.6000000238418579, 0.6000000238418579, 0.699999988079071, 0.699999988079071, 0.6000000238418579, 0.6000000238418579, 0.5, 0.5, 0.5, 0.5, 0.6000000238418579, 0.6000000238418579, 0.6000000238418579, 0.6000000238418579, 0.699999988079071, 0.699999988079071, 0.699999988079071, 0.800000011920929, 0.800000011920929, 0.6000000238418579, 0.699999988079071, 0.699999988079071, 0.699999988079071, 0.699999988079071, 0.699999988079071, 0.6000000238418579, 0.699999988079071, 0.699999988079071, 0.8999999761581421, 0.8999999761581421, nan, nan, nan, nan, nan, nan, nan, nan, nan, nan, nan, nan, 1.0, 0.8999999761581421, 0.800000011920929, 0.800000011920929, 0.699999988079071, 0.6000000238418579, 0.5, 0.5, 0.5, 0.5, 0.5, 0.6000000238418579, 0.6000000238418579, 0.6000000238418579, 0.6000000238418579, 0.6000000238418579, 0.6000000238418579, 0.6000000238418579, 0.6000000238418579, 0.6000000238418579, 0.6000000238418579, 0.6000000238418579, 0.699999988079071, 0.699999988079071, 0.699999988079071, 0.699999988079071, 0.699999988079071, 0.6000000238418579, 0.6000000238418579, 0.6000000238418579, 0.6000000238418579, 0.6000000238418579, 0.6000000238418579, 0.699999988079071, 0.699999988079071, 0.800000011920929, nan, nan, nan, nan, nan, nan, nan, nan, nan, nan, nan, nan, 0.800000011920929, 0.800000011920929, 0.699999988079071, 0.699999988079071, 0.699999988079071, 0.699999988079071, 0.800000011920929, nan, 0.800000011920929, 0.8999999761581421, 0.8999999761581421, 0.800000011920929, 0.800000011920929, 0.800000011920929, nan, nan, nan, nan, nan, nan, nan, nan, nan, nan, nan, 0.8999999761581421, 0.8999999761581421, 0.8999999761581421, 0.8999999761581421, 0.8999999761581421, 1.0, 1.0, 1.2000000476837158, 1.2999999523162842, 1.399999976158142, 1.399999976158142, 1.2999999523162842, 1.2000000476837158, 1.2000000476837158, 1.2000000476837158, 1.2000000476837158, 1.100000023841858, 1.100000023841858, 1.0, 1.0, 1.0, 1.0, 1.100000023841858, 1.100000023841858, 1.100000023841858, 1.0, 1.0, 1.0, 1.0, 1.0, 0.8999999761581421, 1.0, 1.0, 1.100000023841858, 1.2000000476837158, 1.2999999523162842, 1.0, 0.8999999761581421, nan, 0.8999999761581421, 0.800000011920929, 0.800000011920929, 0.800000011920929, 0.800000011920929, 0.800000011920929, 0.8999999761581421, 1.0, 0.8999999761581421, 0.8999999761581421, nan, 0.800000011920929, 0.800000011920929, 0.800000011920929, 0.800000011920929, 0.800000011920929, 0.800000011920929, 0.800000011920929, 1.0, 1.0, 1.0, 1.0, 1.0, nan, 0.800000011920929, 0.8999999761581421, 1.0, 0.8999999761581421, 0.8999999761581421, 0.800000011920929, 0.800000011920929, 0.8999999761581421, 1.2000000476837158, 1.100000023841858, 1.0, nan, 1.100000023841858, 1.0, 1.100000023841858, 1.100000023841858, 1.100000023841858, 1.100000023841858, 1.100000023841858, 1.100000023841858, 1.100000023841858, 1.100000023841858, 1.100000023841858, 1.0, 1.0, 1.100000023841858, 1.0, 1.0, 0.8999999761581421, 0.8999999761581421, 1.0, 1.2000000476837158, 1.0, nan, 1.100000023841858, 1.100000023841858, 1.0, 0.800000011920929, 0.800000011920929, 0.8999999761581421, 0.800000011920929, 0.8999999761581421, 1.0, 0.8999999761581421, 1.100000023841858, 0.8999999761581421, 0.8999999761581421, 0.8999999761581421, 0.8999999761581421, 1.0, 1.0, 1.0, 1.0, 1.0, 1.100000023841858, 1.2000000476837158, 1.100000023841858, 1.100000023841858, 1.100000023841858, 1.0, 1.0, 1.0, 1.0, 1.0, 0.8999999761581421, 1.0, 1.100000023841858, 1.0, 1.0, 1.100000023841858, 1.0, 1.0, 1.0, 1.0, 0.8999999761581421, 0.8999999761581421, 1.0, 1.0, 1.0, 1.100000023841858, 1.2000000476837158, 1.100000023841858, 1.100000023841858, 1.100000023841858, 1.0, 0.8999999761581421, 0.8999999761581421, 0.8999999761581421, 1.0, 1.0, 1.0, 1.0, 1.0, 1.0, 1.100000023841858, 1.0, 1.0, 0.8999999761581421, 0.8999999761581421, 0.8999999761581421, 0.8999999761581421, 0.8999999761581421, 1.0, 1.100000023841858, 1.0, 0.800000011920929, 0.800000011920929, 0.800000011920929, 0.699999988079071, 0.699999988079071, 0.699999988079071, 0.699999988079071, 0.800000011920929, 0.800000011920929, 0.8999999761581421, 1.100000023841858, nan, 1.0, 1.100000023841858, 0.8999999761581421, 0.800000011920929, 0.800000011920929, 0.800000011920929, 0.800000011920929, 0.800000011920929, 0.800000011920929, 0.8999999761581421, 0.8999999761581421, 0.8999999761581421, 0.800000011920929, 0.800000011920929, 0.8999999761581421, 0.800000011920929, nan, 0.800000011920929, 0.8999999761581421, nan, 0.8999999761581421, 1.0, 1.100000023841858, 1.100000023841858, 1.2000000476837158, 1.2000000476837158, 1.100000023841858, 1.0, 1.0, 0.8999999761581421, 0.8999999761581421, 0.8999999761581421, 1.0, 1.100000023841858, 1.2999999523162842, 1.2000000476837158, 1.2000000476837158, 1.100000023841858, 1.0, 1.0, 0.8999999761581421, 0.8999999761581421, 0.8999999761581421, 0.8999999761581421, 1.0, 1.0, 0.8999999761581421, 0.8999999761581421, 0.8999999761581421, 1.0, 0.800000011920929, 0.8999999761581421, 0.8999999761581421, 0.800000011920929, 0.8999999761581421, 0.8999999761581421, 1.0, 1.100000023841858, 1.2000000476837158, 1.100000023841858, 1.2999999523162842, 1.100000023841858, 1.0, 1.0, 0.8999999761581421, 0.8999999761581421, 0.800000011920929, 0.800000011920929, 0.8999999761581421, 1.0, 1.100000023841858, nan, 0.8999999761581421], [85.0, 76.0, 37.0, 40.0, 28.0, 25.0, 20.0, 15.0, 15.0, nan, 14.0, 15.0, 18.0, 17.0, 22.0, 25.0, 29.0, 37.0, 46.0, 60.0, 71.0, 76.0, 88.0, 78.0, 43.0, 35.0, 30.0, 29.0, 26.0, 24.0, 25.0, 21.0, 16.0, 10.0, 13.0, 15.0, 26.0, 22.0, 18.0, 16.0, 21.0, nan, nan, nan, nan, nan, nan, nan, nan, nan, nan, nan, nan, nan, nan, nan, nan, nan, nan, nan, nan, nan, nan, nan, nan, nan, nan, nan, 67.0, 74.0, 63.0, 59.0, 52.0, 44.0, 28.0, 17.0, 18.0, 21.0, 20.0, 12.0, 5.0, 6.0, 8.0, 6.0, 11.0, 15.0, 15.0, 20.0, 24.0, 33.0, 53.0, 68.0, 79.0, 84.0, 91.0, 90.0, 70.0, 52.0, 43.0, 30.0, 25.0, 6.0, 4.0, 3.0, 7.0, nan, 5.0, 10.0, 4.0, 6.0, 12.0, 16.0, 26.0, 52.0, 71.0, 87.0, nan, 87.0, 89.0, 77.0, 50.0, 32.0, 33.0, 34.0, 33.0, 34.0, 37.0, 33.0, 37.0, 32.0, 30.0, 29.0, 29.0, nan, 26.0, 30.0, 34.0, 31.0, 32.0, 33.0, 40.0, 47.0, 41.0, 41.0, 39.0, 34.0, 40.0, 48.0, 50.0, 49.0, 50.0, 46.0, 52.0, nan, 54.0, 56.0, 54.0, 50.0, 47.0, 50.0, 58.0, 63.0, 64.0, 76.0, 82.0, 78.0, 76.0, 73.0, 69.0, 70.0, 70.0, 70.0, 76.0, 82.0, 83.0, 85.0, 88.0, 91.0, 92.0, 94.0, 77.0, 58.0, 57.0, nan, 87.0, 98.0, 105.0, 110.0, 111.0, 109.0, 97.0, 98.0, 87.0, 67.0, 48.0, 23.0, 6.0, 10.0, 5.0, 6.0, 3.0, nan, 4.0, 3.0, 3.0, 5.0, 9.0, 13.0, 28.0, 49.0, 60.0, 58.0, 69.0, nan, 92.0, 81.0, 74.0, 65.0, 60.0, 62.0, 63.0, 74.0, 83.0, 86.0, 82.0, 83.0, 83.0, 95.0, 96.0, 85.0, 90.0, 100.0, 106.0, 114.0, 120.0, 126.0, nan, nan, nan, nan, nan, nan, 43.0, 25.0, 12.0, 14.0, 40.0, nan, nan, nan, 56.0, 27.0, 21.0, 11.0, 26.0, 83.0, 91.0, 113.0, 138.0, 144.0, 157.0, nan, 150.0, 134.0, 95.0, 63.0, 42.0, 70.0, 55.0, 68.0, 74.0, 55.0, 33.0, 30.0, 22.0, 21.0, 16.0, 16.0, nan, 43.0, 88.0, 122.0, 144.0, 155.0, 165.0, 167.0, 167.0, nan, 111.0, nan, 99.0, 103.0, 82.0, 39.0, 44.0, 36.0, 36.0, nan, 56.0, 46.0, 9.0, 14.0, 16.0, nan, 37.0, 67.0, 72.0, 81.0, 74.0, 78.0, 76.0, 74.0, 58.0, 31.0, 40.0, 16.0, 12.0, 43.0, 32.0, 6.0, 4.0, 10.0, 26.0, 8.0, 9.0, 8.0, 16.0, 44.0, 83.0, 117.0, 133.0, 129.0, 129.0, 141.0, 157.0, 147.0, 116.0, 100.0, 101.0, 37.0, 40.0, 28.0, 17.0, 6.0, 6.0, nan, 9.0, 13.0, 11.0, 14.0, nan, nan, nan, nan, nan, nan, nan, nan, nan, 135.0, 122.0, 84.0, 80.0, 59.0, 20.0, 13.0, 16.0, 10.0, 17.0, 16.0, 14.0, 18.0, 12.0, 12.0, 22.0, 30.0, 60.0, 115.0, 146.0, 154.0, 145.0, 139.0, 138.0, 131.0, 117.0, 94.0, 72.0, 95.0, 79.0, 92.0, 74.0, 75.0, 61.0, nan, 31.0, 24.0, 20.0, 23.0, 22.0, 22.0, 40.0, 38.0, 60.0, 54.0, nan, nan, nan, 36.0, nan, 28.0, nan, 16.0, 25.0, 8.0, 11.0, nan, nan, nan, 58.0, 55.0, 42.0, 49.0, 38.0, 32.0, 43.0, 54.0, 59.0, 60.0, 64.0, 68.0, 67.0, 65.0, 62.0, 63.0, 48.0, 19.0, 7.0, 5.0, 9.0, 4.0, 2.0, nan, 7.0, 11.0, 6.0, 7.0, 11.0, 13.0, 17.0, 22.0, 60.0, 83.0, 91.0, 95.0, 97.0, 92.0, 75.0, 54.0, 39.0, 19.0, 27.0, 28.0, 88.0, 93.0, 91.0, nan, 81.0, 80.0, 78.0, 54.0, 69.0, 87.0, 98.0, 105.0, 112.0, 115.0, 109.0, 110.0, 113.0, 112.0, 104.0, 98.0, 96.0, 106.0, 108.0, 104.0, 96.0, nan, nan, nan, 75.0, 80.0, 84.0, 82.0, 82.0, 86.0, 91.0, 102.0, 104.0, 104.0, 108.0, 110.0, 105.0, 98.0, 98.0, 99.0, 108.0, 109.0, 104.0, 99.0, 94.0, 73.0, 83.0, nan, 92.0, 100.0, 96.0, 94.0, 90.0, 95.0, 100.0, 103.0, 105.0, 106.0, 108.0, 109.0, 104.0, 99.0, 97.0, 95.0, 94.0, 94.0, 88.0, 86.0, 78.0, 68.0, 68.0, nan, 64.0, 63.0, 53.0, 47.0, 48.0, 50.0, 69.0, 78.0, 83.0, 84.0, 72.0, 71.0, 79.0, 78.0, 69.0, 71.0, 62.0, 44.0, 46.0, 47.0, 47.0, 46.0, 45.0, nan, 44.0, 38.0, 30.0, 32.0, 29.0, 45.0, 58.0, 71.0, 93.0, 99.0, 97.0, 94.0, 84.0, 77.0, 63.0, nan, nan, 47.0, nan, 56.0, 53.0, 42.0, 44.0, nan, 52.0, 54.0, 56.0, 53.0, 52.0, 58.0, 60.0, 64.0, 66.0, 65.0, 61.0, 59.0, 53.0, 50.0, 43.0, 45.0, 53.0, 57.0, 49.0, 47.0, 45.0, 37.0, 37.0, nan, 42.0, 39.0, 41.0, 37.0, 34.0, 39.0, 34.0, 41.0, 48.0, 55.0, 65.0, 69.0, 70.0, 67.0, 49.0, 46.0, 46.0, 47.0, 41.0, 42.0, 44.0, 40.0, 44.0, nan, 44.0, 46.0, 42.0, 24.0, 32.0, 46.0, 48.0, 51.0, 61.0, 65.0, 71.0, 72.0, 69.0, 64.0, 64.0, 59.0, 50.0, 47.0, 36.0, 30.0, 36.0, 31.0, 36.0, nan, 28.0, 24.0, 18.0, 12.0, 23.0, 46.0, 60.0, 62.0, 65.0, 77.0, 85.0, 87.0, 91.0, 92.0, 81.0, 60.0, 60.0, 58.0, 57.0, 52.0, nan, nan, nan, nan, nan, nan, nan, nan, 32.0, 45.0, 52.0, 57.0, 61.0, 59.0, 55.0, 57.0, 70.0, 57.0, 53.0, 58.0, 57.0, 55.0, 49.0, 44.0, 51.0, 49.0, 51.0, nan, 39.0, 43.0, 37.0, 32.0, 54.0, 63.0, 68.0, 69.0, 76.0, 81.0, 90.0, 94.0, 86.0, 82.0, 79.0, 71.0, 47.0, 38.0, 36.0, 42.0, 41.0, 38.0, 40.0, nan, 45.0, 48.0, 46.0, 46.0, 48.0, 50.0, 53.0, 58.0, 66.0, 72.0, 74.0, 74.0, 78.0, 73.0, 57.0, 48.0, 46.0, 41.0, 43.0, 47.0, 50.0, 42.0, 42.0, nan, 36.0, 41.0, 40.0, 38.0, 32.0, 31.0, 37.0, 45.0, 54.0, 67.0, 79.0, 79.0, 76.0, 68.0, 64.0, 55.0, 37.0, 40.0, 49.0, 60.0, 58.0, 45.0, 52.0, nan, 37.0, 39.0, 44.0, 32.0, 20.0, 31.0, 33.0, 45.0, 44.0, 56.0, 53.0, 35.0, 31.0, 33.0, 43.0, 45.0, 44.0, 42.0, 42.0, 43.0, 43.0, 42.0, 47.0, nan, 46.0, 50.0, 50.0, 41.0, 39.0, 40.0, 41.0, 39.0, 48.0, 50.0, 45.0, 36.0, 30.0, 29.0, 24.0, 23.0, 22.0, 27.0, 28.0, 28.0, 25.0, 21.0, 20.0, nan, 23.0, 26.0, 24.0, 21.0, 13.0, 14.0, 10.0, 12.0, 17.0, 16.0, 15.0, 16.0, 11.0, 8.0, 10.0, 12.0, 5.0, 12.0, 14.0, 15.0, 19.0, 21.0, 23.0, nan, 26.0, 28.0, 23.0, nan, 19.0, 22.0, 25.0, 27.0, 29.0, 28.0, 28.0, 28.0, 25.0, 22.0, 16.0, 18.0, 18.0, 19.0, 19.0, 13.0, 17.0, 17.0, 15.0, nan, 19.0, 16.0, 19.0, 7.0, 16.0, 17.0, 21.0, 26.0, 33.0, 34.0, 41.0, 40.0, 42.0, 45.0, 38.0, 24.0, 17.0, 6.0, 4.0, 3.0, 3.0, 3.0, 3.0, nan, 2.0, 3.0, 1.0, 3.0, 5.0, 9.0, 24.0, 54.0, 65.0, 86.0, 97.0, 79.0, 79.0, 60.0, 24.0, 50.0, 20.0, 3.0, 4.0, 3.0, 2.0, 2.0, 3.0, nan, 2.0, 3.0, 3.0, 4.0, 6.0, 16.0, 36.0, nan, 70.0, 81.0, 81.0, 78.0, 72.0, 61.0, 58.0, 68.0, 62.0, 52.0, 55.0, 52.0, 50.0, 43.0, 48.0, nan, 55.0, 57.0, 51.0, 40.0, 40.0, 49.0, 59.0, 49.0, 61.0, 60.0, 51.0, 49.0, 42.0, 44.0, 39.0, 42.0, 43.0, 36.0, 34.0, 41.0, 38.0, 32.0, 35.0, nan, 33.0, 28.0, 24.0, 21.0, 17.0, 18.0, 18.0, 25.0, 26.0, 25.0, 18.0, 20.0, 16.0, 15.0, 14.0, 16.0, 19.0, 22.0, 26.0, 25.0, 21.0, 20.0, 19.0, nan, 27.0, 26.0, 26.0, 20.0, 16.0, 28.0, 26.0, 23.0, 37.0, 45.0, 52.0, 56.0, 54.0, 46.0, 38.0, 26.0, 28.0, 30.0, 23.0, 2.0, 9.0, 11.0, 10.0, nan, 3.0, 2.0, 3.0, 5.0, 8.0, 7.0, 9.0, 14.0, 17.0, 29.0, 37.0, 38.0, 35.0, 33.0, 18.0, 5.0, 2.0, 1.0, 1.0, 1.0, 1.0, 1.0, 0.0, 0.0, 1.0, 0.0, 0.0, 0.0, 1.0, 3.0, 6.0, 13.0, 31.0, 33.0, 46.0, 50.0, 57.0, 50.0, 50.0, 51.0, 45.0, 35.0, 32.0, 12.0, 2.0, 1.0, 0.0, 0.0, 0.0, 0.0, 1.0, 2.0, 6.0, 19.0, 49.0, 53.0, 65.0, 60.0, 70.0, 65.0, 58.0, 41.0, 36.0, 23.0, 33.0, 30.0, 14.0, 17.0, 27.0, 20.0, 31.0, 31.0, 22.0, 37.0, 32.0, 28.0, 9.0, 19.0, 28.0, 42.0, 41.0, 52.0, 53.0, 58.0, 49.0, 16.0, 25.0, 2.0, 1.0, 3.0, 5.0, 8.0, 10.0, 20.0, 25.0, 22.0, 26.0, 14.0, 9.0, 6.0, 20.0, 38.0, 51.0, 62.0, 75.0, 73.0, 73.0, 77.0, 73.0, 69.0, 58.0, 56.0, 42.0, 34.0, 36.0, 44.0, 41.0, 26.0, 26.0, 28.0, 29.0, 32.0, nan, 2.0, 6.0, 28.0, 27.0, 37.0, 45.0, 49.0, 39.0, 59.0, 73.0, 62.0, 56.0, 47.0, 37.0, 27.0, 27.0, 19.0, 26.0, 23.0, 17.0, 9.0, 4.0, 0.0, 1.0, 3.0, 9.0, 25.0, 54.0, 77.0, 90.0, 94.0, 95.0, 97.0, nan, 130.0, 118.0, 107.0, 96.0, 77.0, 58.0, 46.0, 35.0, 31.0, 22.0, 15.0, 8.0, 0.0, 0.0, 8.0, 23.0, 43.0, 61.0, 72.0, 92.0, 96.0, 104.0, 104.0, 104.0, 98.0, 78.0, 54.0, 83.0, 70.0, 61.0, 48.0, 36.0, 24.0, 10.0, 13.0, 14.0, 3.0, 2.0, 14.0, 35.0, 41.0, 57.0, 69.0, 98.0, 109.0, 107.0, 109.0, 103.0, 95.0, 84.0, 80.0, 67.0, 65.0, 65.0, 70.0, 67.0, 64.0, 60.0, 58.0, 55.0, 49.0, 49.0, 45.0, 51.0, 57.0, 76.0, 95.0, 118.0, 129.0, 136.0, 139.0, 125.0, 112.0, 97.0, 82.0, 76.0, 63.0, 68.0, 66.0, 77.0, 80.0, 89.0, 95.0, 95.0, 84.0, 86.0, 69.0, 71.0, 82.0, 98.0, 106.0, 104.0, 84.0, 62.0, 71.0, 66.0, 50.0, 47.0, 55.0, 44.0, 29.0, 33.0, 40.0, 41.0, 39.0, 38.0, 37.0, 40.0, 40.0, 37.0, 42.0, 45.0, 51.0, 59.0, 71.0, 82.0, 86.0, 88.0, 88.0, 81.0, 73.0, 70.0, 72.0, 71.0, 66.0, 71.0, 71.0, 69.0, 67.0, 65.0, 53.0, 45.0, 45.0, 38.0, 35.0, 42.0, 40.0, 48.0, 59.0, 54.0, 61.0, 70.0, 67.0, 58.0, 54.0, 48.0, 44.0, 43.0, 47.0, 74.0, 75.0, 69.0, 62.0, 58.0, 55.0, 55.0, 55.0, 44.0, 33.0, 27.0, 32.0, 33.0, 25.0, 43.0, 46.0, 36.0, 27.0, 28.0, 26.0, 24.0, 15.0, 6.0, 9.0, 11.0, 17.0, 20.0, 21.0, 17.0, 11.0, 2.0, 12.0, 15.0, 13.0, 15.0, 27.0, 32.0, 39.0, 45.0, 52.0, 51.0, 45.0, 49.0, 41.0, 30.0, 34.0, 37.0, 34.0, 20.0, 13.0, 31.0, 25.0, 11.0, 9.0, 1.0, 8.0, 7.0, 15.0, 28.0, 41.0, 58.0, 75.0, 101.0, 122.0, 134.0, 137.0, 142.0, 127.0, 92.0, 63.0, 52.0, 41.0, 59.0, 60.0, 63.0, 52.0, 48.0, 42.0, 41.0, 37.0, 34.0, 32.0, 51.0, 71.0, 101.0, 125.0, 165.0, 179.0, 155.0, 146.0, 131.0, 128.0, 116.0, 105.0, 76.0, 63.0, 65.0, 79.0, 79.0, 83.0, 74.0, 77.0, 69.0, 66.0, 69.0, 55.0, 48.0, 45.0, 79.0, 91.0, 104.0, 101.0, 100.0, 106.0, 104.0, 100.0, 78.0, 56.0, 45.0, 45.0, 44.0, 27.0, 22.0, 25.0, 27.0, 25.0, 26.0, 29.0, 18.0, 15.0, 16.0, 22.0, 44.0, 60.0, 74.0, 73.0, 76.0, 86.0, 92.0, 94.0, 86.0, 61.0, 46.0, 39.0, 33.0, 32.0, 26.0, 20.0, 13.0, 14.0, 15.0, nan, 2.0, 5.0, 13.0, 22.0, 43.0, 58.0, 72.0, 83.0, 90.0, 92.0, 85.0, 80.0, 65.0, 47.0, 35.0, 35.0, 30.0, 22.0, 20.0, 22.0, 20.0, 18.0, 20.0, 24.0, 23.0, 18.0, 26.0, 35.0, 34.0, 44.0, 66.0, 97.0, 109.0, 99.0, 86.0, 71.0, 55.0, 43.0, 36.0, 25.0, 22.0, 23.0, nan, 11.0, nan, 11.0, 9.0, 9.0, 16.0, 8.0, 10.0, 20.0, nan, nan, nan, 73.0, 72.0, 68.0, 68.0, 61.0, 46.0, 39.0, 32.0, 24.0, 24.0, 17.0, 19.0, 21.0, 16.0, 21.0, 26.0, 24.0, 17.0, 22.0, 29.0, 42.0, 45.0, 64.0, 76.0, 84.0, 92.0, 103.0, 102.0, 90.0, 70.0, 59.0, 44.0, 35.0, 32.0, 27.0, 25.0, 29.0, 32.0, 31.0, 27.0, 21.0, 8.0, 12.0, 34.0, 57.0, 69.0, 77.0, 88.0, 95.0, 135.0, 152.0, 169.0, 155.0, 124.0, 93.0, 78.0, 48.0, 22.0, 9.0, 8.0, 9.0, 10.0, 3.0, 1.0, 0.0, 2.0, 8.0, 24.0, 45.0, 61.0, 74.0, 76.0, 89.0, 91.0, 113.0, 112.0, 102.0, 86.0, 51.0, 45.0, 46.0, 37.0, 33.0, 25.0, 25.0, 19.0, 13.0, 2.0, 28.0, 42.0, 36.0, 35.0, 42.0, 51.0, 63.0, 82.0, 89.0, 91.0, 77.0, 63.0, 58.0, 55.0, 58.0, 51.0, 54.0, 50.0, 52.0, 50.0, 50.0, 42.0, 38.0, 33.0, 35.0, 36.0, 31.0, 29.0, 30.0, 34.0, 37.0, 39.0, 41.0, 40.0, 40.0, nan, nan, nan, nan, nan, nan, nan, nan, nan, nan, nan, nan, nan, nan, nan, nan, nan, nan, 22.0, 20.0, 27.0, 33.0, 30.0, 19.0, 9.0, 14.0, 9.0, 8.0, 10.0, 15.0, 16.0, 17.0, 18.0, 20.0, 19.0, 19.0, 23.0, 22.0, 20.0, 19.0, 18.0, 11.0, 15.0, 16.0, 24.0, 21.0, 16.0, 28.0, nan, nan, nan, nan, nan, nan, nan, nan, nan, nan, nan, nan, nan, nan, nan, nan, nan, nan, nan, 32.0, 36.0, 36.0, 31.0, 30.0, 27.0, 17.0, 8.0, 3.0, 1.0, 2.0, 0.0, 5.0, 2.0, 15.0, 20.0, 23.0, 23.0, 18.0, 8.0, 17.0, 34.0, 47.0, 56.0, 75.0, 90.0, 94.0, 94.0, 99.0, 107.0, 106.0, 82.0, 55.0, 40.0, 41.0, 31.0, 13.0, 12.0, 12.0, 4.0, 2.0, 0.0, 0.0, 3.0, 8.0, 32.0, 87.0, 119.0, 134.0, 138.0, 138.0, 138.0, 138.0, 132.0, 125.0, 114.0, 114.0, 108.0, 106.0, 95.0, 72.0, 64.0, 70.0, 45.0, 39.0, 19.0, 19.0, 20.0, 33.0, 47.0, 72.0, 101.0, 124.0, 135.0, 139.0, 143.0, 148.0, 150.0, 146.0, 101.0, 64.0, 67.0, 64.0, 22.0, 2.0, 0.0, 6.0, 4.0, 0.0, 6.0, 15.0, 3.0, 19.0, 39.0, 95.0, 146.0, 201.0, 204.0, 187.0, 198.0, 226.0, 262.0, 252.0, 200.0, 166.0, 153.0, 161.0, 166.0, 154.0, 139.0, 121.0, 114.0, 93.0, 33.0, 23.0, 27.0, 32.0, 76.0, 141.0, 157.0, 177.0, 191.0, 203.0, 147.0, 189.0, 198.0, 188.0, 158.0, 136.0, nan, nan, nan, nan, nan, nan, nan, nan, nan, nan, nan, nan, 62.0, 107.0, 161.0, 171.0, 176.0, 162.0, 152.0, 150.0, 142.0, 140.0, 126.0, 109.0, 93.0, 88.0, 79.0, 71.0, 66.0, 63.0, 62.0, 64.0, 64.0, 44.0, 53.0, 46.0, 58.0, 49.0, 50.0, 52.0, 53.0, 62.0, 67.0, 61.0, 53.0, 41.0, 38.0, 28.0, nan, nan, nan, nan, nan, nan, nan, nan, nan, nan, nan, nan, 16.0, 22.0, 29.0, 38.0, 42.0, 45.0, 50.0, nan, 69.0, 70.0, 68.0, 63.0, 52.0, 46.0, nan, nan, nan, nan, nan, nan, nan, nan, nan, nan, nan, 50.0, 65.0, 64.0, 66.0, 64.0, 71.0, 66.0, 61.0, 36.0, 39.0, 40.0, 40.0, 48.0, 45.0, 51.0, 47.0, 51.0, 56.0, 56.0, 52.0, 52.0, 49.0, 48.0, 56.0, 69.0, 81.0, 92.0, 105.0, 114.0, 117.0, 115.0, 110.0, 102.0, 88.0, 76.0, 57.0, 97.0, 100.0, nan, 77.0, 82.0, 82.0, 68.0, 56.0, nan, 68.0, 62.0, 73.0, 81.0, nan, 106.0, 111.0, 131.0, 130.0, 111.0, 107.0, 109.0, 96.0, 82.0, 75.0, 67.0, 55.0, nan, 52.0, 39.0, 29.0, 33.0, 47.0, 58.0, 62.0, 62.0, 33.0, 23.0, 34.0, nan, 49.0, 54.0, 60.0, nan, 65.0, 67.0, 59.0, 58.0, 57.0, 51.0, 39.0, 46.0, 34.0, 13.0, 26.0, 14.0, 13.0, 46.0, 48.0, 10.0, 39.0, nan, 56.0, 99.0, 126.0, 126.0, 105.0, 109.0, 108.0, 107.0, 97.0, 82.0, 58.0, 50.0, 53.0, 37.0, 43.0, 4.0, 8.0, 7.0, 28.0, 11.0, 24.0, 36.0, 44.0, 45.0, 59.0, 72.0, 81.0, 89.0, 89.0, 87.0, 86.0, 77.0, 74.0, 70.0, 68.0, 63.0, 47.0, 51.0, 55.0, 51.0, 45.0, 45.0, 43.0, 33.0, 15.0, 26.0, 22.0, 29.0, 37.0, 59.0, 56.0, 74.0, 91.0, 98.0, 95.0, 84.0, 75.0, 68.0, 72.0, 61.0, 36.0, 32.0, 30.0, 26.0, 12.0, 41.0, 42.0, 32.0, 29.0, 25.0, 60.0, 104.0, 128.0, 141.0, 129.0, 132.0, 146.0, 148.0, 140.0, 156.0, 135.0, 87.0, nan, 101.0, 102.0, 80.0, 60.0, 55.0, 46.0, 34.0, 32.0, 31.0, 29.0, 37.0, 51.0, 61.0, 79.0, 79.0, 123.0, nan, 170.0, 168.0, nan, 186.0, 157.0, 95.0, 71.0, 69.0, 50.0, 63.0, 57.0, 43.0, 31.0, 35.0, 23.0, nan, 25.0, 24.0, 36.0, 50.0, 93.0, 137.0, 174.0, 181.0, 153.0, 105.0, 81.0, 82.0, 79.0, 78.0, 69.0, 50.0, 34.0, 23.0, 27.0, 31.0, 36.0, 11.0, 25.0, 4.0, 2.0, 11.0, 30.0, 41.0, 68.0, 110.0, 118.0, 138.0, 145.0, 156.0, 150.0, 147.0, 132.0, 96.0, nan, 113.0], [13.0, 9.0, 9.0, 10.0, 10.0, 10.0, 10.0, 10.0, 9.0, 9.0, nan, 9.0, 7.0, 8.0, 8.0, 8.0, 9.0, 10.0, 11.0, 11.0, 12.0, 12.0, 12.0, 11.0, 12.0, 12.0, 11.0, 11.0, 12.0, 10.0, 9.0, 10.0, 11.0, 11.0, 11.0, 11.0, 9.0, 9.0, 9.0, 9.0, 10.0, nan, nan, nan, nan, nan, nan, nan, nan, nan, nan, nan, nan, nan, nan, nan, nan, nan, nan, nan, nan, nan, nan, nan, nan, nan, nan, nan, 10.0, 10.0, 11.0, 11.0, 11.0, 13.0, 14.0, 13.0, 12.0, 10.0, 10.0, 9.0, 12.0, 13.0, 10.0, 13.0, 11.0, 10.0, 12.0, 12.0, 14.0, 14.0, 11.0, 11.0, 11.0, 10.0, 10.0, 8.0, 8.0, 7.0, 7.0, 7.0, 8.0, 11.0, 13.0, 15.0, 17.0, 16.0, nan, 23.0, 40.0, 38.0, 31.0, 36.0, 28.0, 20.0, 15.0, 13.0, nan, 11.0, 12.0, 12.0, 12.0, 13.0, 13.0, 13.0, 10.0, 11.0, 12.0, 11.0, 11.0, 12.0, 12.0, 11.0, 9.0, nan, 8.0, 9.0, 7.0, 7.0, 6.0, 4.0, 5.0, 5.0, 6.0, 6.0, 6.0, 6.0, 6.0, 6.0, 7.0, 7.0, 7.0, 7.0, 7.0, 7.0, nan, 8.0, 10.0, 11.0, 9.0, 11.0, 11.0, 10.0, 11.0, 11.0, 11.0, 10.0, 10.0, 10.0, 10.0, 11.0, 14.0, 16.0, 20.0, 24.0, 25.0, 27.0, 29.0, 29.0, 27.0, 27.0, 27.0, 27.0, 27.0, nan, 28.0, 27.0, 26.0, 22.0, 21.0, 18.0, 22.0, 19.0, 18.0, 20.0, 23.0, 22.0, 12.0, 13.0, 11.0, 12.0, 10.0, 13.0, nan, 11.0, 11.0, 12.0, 16.0, 21.0, 21.0, 29.0, 37.0, 27.0, 26.0, 19.0, 17.0, 17.0, 17.0, 16.0, 16.0, 17.0, 14.0, 13.0, 13.0, 16.0, 18.0, 19.0, 20.0, 20.0, 21.0, 21.0, 22.0, 24.0, 23.0, 21.0, 19.0, 16.0, nan, nan, nan, nan, nan, nan, 13.0, 11.0, 13.0, 11.0, 13.0, nan, nan, nan, nan, 15.0, 14.0, 13.0, 18.0, 31.0, 32.0, 31.0, 26.0, 26.0, 23.0, nan, 20.0, 20.0, 19.0, 17.0, 16.0, 20.0, 17.0, 16.0, 14.0, 14.0, 10.0, 12.0, 14.0, 15.0, 13.0, 13.0, nan, 23.0, 30.0, 27.0, 21.0, 19.0, 19.0, 19.0, 19.0, nan, 19.0, nan, 14.0, 14.0, 13.0, 23.0, 26.0, 20.0, 27.0, 30.0, nan, 35.0, 21.0, 17.0, 17.0, nan, 20.0, 27.0, 27.0, 27.0, 21.0, 20.0, 18.0, 16.0, 15.0, 16.0, 14.0, 11.0, 11.0, 11.0, 11.0, 12.0, 13.0, 10.0, 11.0, 10.0, 11.0, 11.0, 14.0, 20.0, 28.0, 24.0, 16.0, 12.0, 9.0, 9.0, 11.0, 11.0, 10.0, 9.0, 10.0, 15.0, 13.0, 8.0, 10.0, 15.0, 16.0, 12.0, nan, 10.0, 8.0, 9.0, nan, nan, nan, nan, nan, nan, nan, nan, nan, 11.0, 18.0, 16.0, 15.0, 12.0, 12.0, 10.0, 8.0, 8.0, 8.0, 8.0, 7.0, 8.0, 7.0, 7.0, 7.0, 10.0, 31.0, 25.0, 14.0, 11.0, 10.0, 10.0, 9.0, 11.0, 10.0, 9.0, 9.0, 8.0, 8.0, 8.0, 8.0, 7.0, 7.0, nan, nan, 6.0, 6.0, 5.0, 5.0, 6.0, 6.0, 6.0, 6.0, 5.0, nan, nan, nan, 5.0, nan, 5.0, nan, 7.0, 6.0, 6.0, 6.0, nan, nan, nan, nan, 4.0, 5.0, 5.0, 5.0, 5.0, 5.0, 5.0, 4.0, 4.0, 4.0, 4.0, 4.0, 4.0, 4.0, 4.0, 4.0, 4.0, 5.0, 5.0, 5.0, 5.0, 5.0, nan, nan, 5.0, 4.0, 4.0, 4.0, 4.0, 6.0, 7.0, 7.0, 7.0, 6.0, 5.0, 5.0, 5.0, 7.0, 6.0, 4.0, 5.0, 4.0, 5.0, 5.0, 5.0, 5.0, 6.0, nan, 13.0, 12.0, 9.0, 20.0, 10.0, 8.0, 7.0, 6.0, 7.0, 8.0, 7.0, 7.0, 11.0, 10.0, 11.0, 12.0, 10.0, 10.0, 18.0, 64.0, nan, nan, 47.0, nan, 28.0, 23.0, 22.0, 19.0, 17.0, 18.0, 15.0, 11.0, 10.0, 9.0, 8.0, 10.0, 11.0, 10.0, 10.0, 9.0, 8.0, 9.0, 9.0, 9.0, 10.0, 10.0, 9.0, nan, 8.0, 7.0, 17.0, 12.0, 17.0, 18.0, 10.0, 11.0, 11.0, 10.0, 8.0, 5.0, 5.0, 5.0, 5.0, 5.0, 5.0, 5.0, 5.0, 6.0, 6.0, 5.0, 6.0, nan, 15.0, 7.0, 20.0, 17.0, 10.0, 8.0, 9.0, 6.0, 5.0, 5.0, 7.0, 6.0, 5.0, 5.0, 5.0, 5.0, 7.0, 9.0, 9.0, 7.0, 6.0, 6.0, nan, nan, 8.0, 10.0, 8.0, 12.0, 7.0, 9.0, 10.0, 8.0, 7.0, 6.0, 5.0, 5.0, 5.0, 5.0, nan, nan, 4.0, nan, 4.0, 4.0, 4.0, 5.0, nan, nan, 4.0, 4.0, 4.0, 5.0, 4.0, 5.0, 4.0, 6.0, 5.0, 5.0, 4.0, 4.0, 4.0, 4.0, 4.0, 4.0, 4.0, 4.0, 4.0, 4.0, 3.0, 4.0, nan, nan, 5.0, 4.0, 4.0, 5.0, 4.0, 6.0, 7.0, 6.0, 5.0, 5.0, 5.0, 4.0, 4.0, 5.0, 6.0, 6.0, 5.0, 5.0, 5.0, 4.0, 5.0, 4.0, 4.0, nan, 5.0, 4.0, 4.0, 5.0, 5.0, 7.0, 7.0, 5.0, 4.0, 4.0, 5.0, 4.0, 4.0, 4.0, 4.0, 4.0, 4.0, 7.0, 5.0, 4.0, 5.0, 5.0, 6.0, nan, 17.0, 8.0, 6.0, 25.0, 9.0, 9.0, 7.0, 6.0, 6.0, 4.0, 4.0, 5.0, 5.0, 7.0, 6.0, 5.0, 4.0, 4.0, 4.0, nan, nan, nan, nan, nan, nan, nan, nan, 6.0, 6.0, 6.0, 5.0, 4.0, 4.0, 4.0, 6.0, 6.0, 4.0, 4.0, 4.0, 5.0, 5.0, 5.0, 5.0, 5.0, 4.0, 4.0, nan, nan, 13.0, 11.0, 21.0, 7.0, 6.0, 5.0, 6.0, 6.0, 4.0, 5.0, 5.0, 4.0, 4.0, 5.0, 5.0, 10.0, 6.0, 4.0, 4.0, 4.0, 4.0, 4.0, 4.0, nan, 4.0, 4.0, 4.0, 4.0, 4.0, 5.0, 5.0, 5.0, 5.0, 5.0, 5.0, 5.0, 5.0, 6.0, 5.0, 5.0, 5.0, 5.0, 5.0, 5.0, 5.0, 4.0, 5.0, nan, 6.0, 6.0, 6.0, 7.0, 6.0, 7.0, 8.0, 7.0, 8.0, 7.0, 7.0, 6.0, 5.0, 5.0, 6.0, 9.0, 15.0, 26.0, 9.0, 5.0, 4.0, 4.0, nan, nan, 10.0, 7.0, 6.0, 5.0, 5.0, 7.0, 10.0, 8.0, 6.0, 5.0, 5.0, 4.0, 4.0, 3.0, 4.0, 4.0, 4.0, 3.0, 3.0, 4.0, 3.0, 4.0, 4.0, nan, 4.0, 3.0, 4.0, 4.0, 5.0, 4.0, 5.0, 4.0, 4.0, 4.0, 4.0, 4.0, 3.0, 3.0, 3.0, 4.0, 3.0, 3.0, 3.0, 3.0, 3.0, 4.0, 3.0, nan, 3.0, 3.0, 3.0, 3.0, 4.0, 4.0, 4.0, 4.0, 4.0, 4.0, 4.0, 4.0, 4.0, 4.0, 4.0, 4.0, 4.0, 4.0, 3.0, 3.0, 4.0, 3.0, 3.0, nan, 4.0, 5.0, nan, 5.0, 4.0, 4.0, 4.0, 4.0, 4.0, 4.0, 4.0, 5.0, 4.0, 5.0, 5.0, 5.0, 5.0, 6.0, 7.0, 4.0, 4.0, 7.0, nan, nan, 7.0, 6.0, 5.0, 5.0, 7.0, 8.0, 7.0, 5.0, 6.0, 6.0, 9.0, 7.0, 5.0, 5.0, 4.0, 4.0, 5.0, 5.0, 6.0, 6.0, 8.0, 8.0, nan, nan, 12.0, 14.0, 17.0, 18.0, 20.0, 18.0, 13.0, 11.0, 10.0, 8.0, 5.0, 5.0, 5.0, 5.0, 5.0, 6.0, 5.0, 5.0, 5.0, 6.0, 5.0, 6.0, nan, nan, 8.0, 7.0, 20.0, 16.0, 11.0, 8.0, nan, 7.0, 6.0, 5.0, 5.0, 5.0, 5.0, 5.0, 6.0, 6.0, 6.0, 6.0, 6.0, 6.0, 7.0, 7.0, 7.0, nan, 5.0, 5.0, 4.0, 5.0, 6.0, 5.0, 6.0, 5.0, 5.0, 7.0, 5.0, 6.0, 5.0, 7.0, 6.0, 4.0, 6.0, 5.0, 4.0, 4.0, 5.0, 6.0, nan, nan, 5.0, 5.0, 4.0, 4.0, 4.0, 4.0, 4.0, 4.0, 4.0, 4.0, 4.0, 4.0, 3.0, 4.0, 4.0, 4.0, 3.0, 3.0, 3.0, 4.0, 5.0, 4.0, nan, nan, 4.0, 4.0, 5.0, 5.0, 5.0, 7.0, 6.0, 5.0, 6.0, 6.0, 5.0, 5.0, 6.0, 7.0, 7.0, 8.0, 9.0, 8.0, 9.0, 10.0, 8.0, 9.0, nan, nan, 12.0, 14.0, 26.0, 36.0, 26.0, 25.0, 29.0, 24.0, 15.0, 8.0, 6.0, 5.0, 6.0, nan, 4.0, 3.0, 3.0, 3.0, 5.0, 4.0, 5.0, 7.0, 8.0, 6.0, 8.0, 7.0, 9.0, 10.0, 15.0, 23.0, 22.0, 12.0, 7.0, 10.0, 6.0, 8.0, 15.0, 14.0, 12.0, 11.0, 10.0, 10.0, 9.0, 11.0, 10.0, 10.0, 11.0, 10.0, 10.0, 14.0, 19.0, 19.0, 20.0, 13.0, 8.0, 6.0, 6.0, 5.0, 5.0, 7.0, 7.0, 11.0, 16.0, 19.0, 14.0, 10.0, 13.0, 12.0, 21.0, 13.0, 11.0, 15.0, 12.0, 22.0, 15.0, 11.0, 17.0, 12.0, 9.0, 7.0, 6.0, 6.0, 6.0, 7.0, 5.0, 3.0, 6.0, 4.0, 15.0, 15.0, 13.0, 12.0, 17.0, 21.0, 20.0, 21.0, 27.0, 26.0, 40.0, 18.0, 11.0, 11.0, 8.0, 5.0, 4.0, 5.0, 4.0, 4.0, 4.0, 4.0, 6.0, 7.0, 7.0, 6.0, 6.0, 5.0, 9.0, 18.0, 15.0, 15.0, nan, 12.0, 13.0, 13.0, 13.0, 10.0, 9.0, 8.0, 8.0, 8.0, 8.0, 10.0, 7.0, 7.0, 7.0, 7.0, 6.0, 7.0, 8.0, 16.0, 14.0, 13.0, 14.0, 13.0, 11.0, 14.0, 16.0, 16.0, 12.0, 12.0, 9.0, 5.0, 5.0, 4.0, 4.0, 6.0, 7.0, 8.0, 9.0, 6.0, 7.0, 6.0, 4.0, 4.0, 11.0, 13.0, 11.0, 11.0, 10.0, 10.0, 33.0, 26.0, 15.0, 12.0, 11.0, 5.0, 4.0, 4.0, 5.0, 3.0, 4.0, 6.0, 5.0, 12.0, 8.0, 10.0, 14.0, 14.0, 16.0, 10.0, 13.0, 33.0, 21.0, 23.0, 15.0, 10.0, 8.0, 6.0, 8.0, 8.0, 7.0, 5.0, 5.0, 4.0, 5.0, 6.0, 7.0, 10.0, 11.0, 8.0, 9.0, 8.0, 8.0, 8.0, 10.0, 9.0, 10.0, 12.0, 12.0, 12.0, 13.0, 12.0, 10.0, 6.0, 6.0, 5.0, 11.0, 9.0, 8.0, 7.0, 6.0, 6.0, 6.0, 6.0, 6.0, 6.0, 9.0, 8.0, 6.0, 8.0, 19.0, 18.0, 23.0, 24.0, 19.0, 17.0, 12.0, 11.0, 8.0, 4.0, 2.0, 4.0, 6.0, 8.0, 4.0, 4.0, 9.0, 8.0, 5.0, 6.0, 5.0, 5.0, 6.0, 5.0, 9.0, 10.0, 7.0, 6.0, 5.0, 5.0, 4.0, 3.0, 2.0, 3.0, 2.0, 2.0, 4.0, 3.0, 4.0, 5.0, 9.0, 10.0, 11.0, 10.0, 7.0, 6.0, 15.0, 7.0, nan, 9.0, 7.0, 7.0, 9.0, 6.0, 5.0, 9.0, 7.0, 6.0, 6.0, 8.0, 7.0, 7.0, 10.0, 6.0, 4.0, 2.0, 2.0, 2.0, 2.0, 3.0, 3.0, 2.0, 2.0, 3.0, 5.0, 7.0, 6.0, 6.0, 11.0, 6.0, 6.0, 5.0, 6.0, 4.0, 5.0, 4.0, 8.0, 4.0, 4.0, 6.0, 3.0, 4.0, 5.0, 6.0, 9.0, 9.0, 6.0, 4.0, 6.0, 13.0, 15.0, 13.0, 13.0, 12.0, 7.0, 5.0, 4.0, 3.0, 4.0, 6.0, 6.0, 15.0, 11.0, 10.0, 6.0, 4.0, 4.0, 7.0, 8.0, 10.0, 13.0, 16.0, 15.0, 19.0, 15.0, 12.0, 7.0, 6.0, 8.0, 8.0, 7.0, 6.0, 6.0, 14.0, 23.0, 16.0, 17.0, 12.0, 12.0, 10.0, 13.0, 20.0, 22.0, 17.0, 20.0, 24.0, 20.0, 20.0, 14.0, 14.0, 13.0, 11.0, 8.0, 6.0, 5.0, 4.0, 5.0, 8.0, 16.0, 11.0, 25.0, 18.0, 6.0, 4.0, 3.0, 8.0, 10.0, 17.0, 20.0, 13.0, 14.0, 23.0, 22.0, 15.0, 9.0, 7.0, 5.0, 4.0, 5.0, 5.0, 7.0, 5.0, 6.0, 8.0, 9.0, 9.0, 12.0, 12.0, 10.0, 15.0, 14.0, 16.0, 13.0, 31.0, 42.0, 43.0, 25.0, 14.0, 10.0, 8.0, 4.0, 4.0, 4.0, 5.0, 5.0, 10.0, 16.0, 7.0, 5.0, 5.0, 9.0, 4.0, 10.0, 12.0, 16.0, 14.0, nan, 21.0, 27.0, 16.0, 18.0, 13.0, 8.0, 5.0, 4.0, 4.0, 4.0, 5.0, 4.0, 4.0, 4.0, 6.0, 5.0, 5.0, 8.0, 9.0, 24.0, 19.0, 15.0, 36.0, 30.0, 20.0, 13.0, 12.0, 12.0, 12.0, 10.0, 6.0, 5.0, 5.0, 6.0, 7.0, 7.0, 6.0, 6.0, 9.0, 11.0, 9.0, 5.0, nan, 6.0, nan, 8.0, 13.0, 17.0, 16.0, 15.0, 12.0, 8.0, nan, nan, nan, 4.0, 5.0, 8.0, 7.0, 3.0, 5.0, 5.0, 6.0, 6.0, 8.0, 7.0, 10.0, 13.0, 13.0, 10.0, 18.0, 20.0, 16.0, 22.0, 17.0, 7.0, 6.0, 4.0, 4.0, 3.0, 4.0, 4.0, 4.0, 5.0, 5.0, 6.0, 5.0, 5.0, 7.0, 12.0, 21.0, 26.0, 18.0, 10.0, 16.0, 7.0, 27.0, 29.0, 9.0, 9.0, 5.0, 9.0, 7.0, 5.0, 6.0, 8.0, 10.0, 13.0, 10.0, 13.0, 14.0, 16.0, 8.0, 8.0, 25.0, 39.0, 27.0, 34.0, 24.0, 15.0, 10.0, 10.0, 23.0, 20.0, 10.0, 6.0, 5.0, 5.0, 7.0, 6.0, 6.0, 8.0, 8.0, 19.0, 19.0, 14.0, 10.0, 5.0, 8.0, 9.0, 17.0, 16.0, 12.0, 12.0, 14.0, 14.0, 13.0, 8.0, 9.0, 14.0, 13.0, 10.0, 9.0, 10.0, 9.0, 7.0, 6.0, 4.0, 5.0, 4.0, 5.0, 5.0, 5.0, 4.0, 4.0, 4.0, 5.0, nan, 6.0, 7.0, 7.0, 7.0, 8.0, 5.0, 4.0, 3.0, 3.0, 3.0, nan, nan, nan, nan, nan, nan, nan, nan, nan, nan, nan, nan, nan, nan, nan, nan, nan, nan, 6.0, 10.0, 4.0, 3.0, 2.0, 5.0, 10.0, 5.0, 4.0, 3.0, 2.0, 3.0, 3.0, 4.0, 2.0, 2.0, 4.0, 3.0, 2.0, 4.0, 5.0, 5.0, 6.0, 9.0, 10.0, 9.0, 5.0, 7.0, 6.0, 4.0, nan, nan, nan, nan, nan, nan, nan, nan, nan, nan, nan, nan, nan, nan, nan, nan, nan, nan, nan, 6.0, 6.0, 5.0, 9.0, 9.0, 12.0, 8.0, 6.0, 6.0, 10.0, 13.0, 9.0, 10.0, 7.0, 10.0, 11.0, 10.0, 11.0, 10.0, 12.0, 13.0, 13.0, 12.0, 14.0, 9.0, 6.0, 6.0, 5.0, 6.0, 6.0, 7.0, 9.0, 12.0, 7.0, 7.0, 6.0, 10.0, 14.0, 14.0, 12.0, 11.0, 14.0, 12.0, 12.0, 18.0, 22.0, 25.0, 19.0, 16.0, 13.0, 12.0, 12.0, 13.0, 11.0, 10.0, 9.0, 8.0, 8.0, 10.0, 13.0, 7.0, 9.0, 11.0, 9.0, 14.0, 12.0, 16.0, 22.0, 30.0, 31.0, 24.0, 15.0, 9.0, 8.0, 8.0, 8.0, 8.0, 8.0, 7.0, 34.0, 72.0, 13.0, 12.0, 49.0, 76.0, 79.0, 73.0, 111.0, 53.0, 72.0, nan, 56.0, 22.0, 22.0, 20.0, 22.0, 19.0, 12.0, 9.0, 8.0, 9.0, 10.0, 10.0, 10.0, 25.0, 7.0, 8.0, 16.0, 11.0, 10.0, 19.0, 22.0, 39.0, 48.0, 49.0, 43.0, 59.0, 38.0, 18.0, 19.0, 17.0, 16.0, 15.0, 12.0, 12.0, 11.0, 12.0, 11.0, 8.0, nan, nan, nan, nan, nan, nan, nan, nan, nan, nan, nan, nan, 34.0, 23.0, 21.0, 12.0, 9.0, 7.0, 6.0, 5.0, 5.0, 4.0, 6.0, 8.0, 6.0, 6.0, 8.0, 10.0, 12.0, 20.0, 22.0, 16.0, 12.0, 24.0, 14.0, 9.0, 9.0, 9.0, 8.0, 9.0, 8.0, 7.0, 7.0, 7.0, 7.0, 11.0, 17.0, 19.0, nan, nan, nan, nan, nan, nan, nan, nan, nan, nan, nan, nan, 5.0, 9.0, 11.0, 6.0, 5.0, 6.0, 6.0, nan, 6.0, 7.0, 4.0, 4.0, 4.0, 4.0, nan, nan, nan, nan, nan, nan, nan, nan, nan, nan, nan, 7.0, 3.0, 3.0, 3.0, 7.0, 6.0, 3.0, 3.0, 4.0, 3.0, 2.0, 3.0, 3.0, 4.0, 3.0, 4.0, 3.0, 5.0, 6.0, 6.0, 7.0, 6.0, 7.0, 8.0, 7.0, 7.0, 7.0, 8.0, 9.0, 6.0, 6.0, 6.0, 6.0, 6.0, 5.0, 12.0, 7.0, 8.0, nan, 15.0, 8.0, 8.0, 9.0, 9.0, nan, 12.0, 13.0, 9.0, 9.0, nan, 11.0, 7.0, 8.0, 6.0, 6.0, 6.0, 7.0, 5.0, 11.0, 10.0, 10.0, 11.0, nan, 10.0, 13.0, 24.0, 21.0, 14.0, 17.0, 19.0, 24.0, 26.0, 32.0, 34.0, nan, 20.0, 17.0, 21.0, 14.0, 9.0, 9.0, 15.0, 17.0, 25.0, 21.0, 25.0, 35.0, 33.0, 37.0, 32.0, 28.0, 27.0, 21.0, 29.0, 31.0, 30.0, nan, 19.0, 20.0, 14.0, 7.0, 5.0, 4.0, 6.0, 9.0, 9.0, 7.0, 6.0, 9.0, 5.0, 10.0, 11.0, 24.0, 12.0, 8.0, 12.0, 18.0, 28.0, 27.0, 25.0, 22.0, 20.0, 18.0, 11.0, 10.0, 7.0, 7.0, 6.0, 8.0, 6.0, 5.0, 5.0, 8.0, 6.0, 9.0, 9.0, 13.0, 12.0, 10.0, 11.0, 18.0, 20.0, 12.0, 22.0, 22.0, 23.0, 20.0, 11.0, 10.0, 10.0, 10.0, 5.0, 6.0, 7.0, 6.0, 10.0, 12.0, 17.0, 18.0, 20.0, 24.0, 19.0, 25.0, 33.0, 26.0, 29.0, 23.0, 16.0, 12.0, 10.0, 8.0, 5.0, 4.0, 4.0, 5.0, 5.0, 5.0, 20.0, 22.0, nan, 26.0, 22.0, 12.0, 10.0, 12.0, 14.0, 19.0, 17.0, 17.0, 16.0, 15.0, 15.0, 10.0, 8.0, 8.0, 7.0, nan, 6.0, 5.0, nan, 5.0, 12.0, 15.0, 21.0, 8.0, 35.0, 16.0, 8.0, 17.0, 14.0, 12.0, nan, 19.0, 22.0, 28.0, 24.0, 23.0, 23.0, 17.0, 14.0, 13.0, 10.0, 4.0, 4.0, 7.0, 5.0, 2.0, 2.0, 7.0, 8.0, 14.0, 9.0, 4.0, 3.0, 4.0, 19.0, 12.0, 15.0, 26.0, 22.0, 22.0, 17.0, 14.0, 11.0, 10.0, 8.0, 5.0, 5.0, 5.0, 11.0, 22.0, nan, 10.0]]",H
